0,004	0	 
0,036	0	 
0,068	0	 
0,1	0	 
0,132	0	 
0,164	0	 
0,196	0	 
0,228	0	 
0,26	0	 
0,292	0	 
0,324	0	 
0,356	0	 
0,388	0	 
0,42	0	 
0,452	0	 
0,484	0	 
0,516	0	 
0,548	0	 
0,58	0	 
0,612	0	 
0,644	0	 
0,676	0	 
0,708	0	 
0,74	0	 
0,772	0	 
0,804	0	 
0,836	0	 
0,868	0	 
0,9	0	 
0,932	0	 
0,964	0	 
0,996	0	 
1,028	0	 
1,06	0	 
1,092	0	 
1,124	0	 
1,156	0	 
1,188	0	 
1,22	0	 
1,252	0	 
1,284	0	 
1,316	0	 
1,348	0	 
1,38	0	 
1,412	0	 
1,444	0	 
1,476	0	 
1,508	0	 
1,54	0	 
1,572	0	 
1,604	0	 
1,636	0	 
1,668	0	 
1,7	0	 
1,732	0	 
1,764	0	 
1,796	0	 
1,828	0	 
1,86	0	 
1,892	0	 
1,924	0	 
1,956	0	 
1,988	0	 
2,02	0	 
2,052	0	 
2,084	0	 
2,116	0	 
2,148	0	 
2,18	0	 
2,212	0	 
2,244	0	 
2,276	0	 
2,308	0	 
2,34	0	 
2,372	0	 
2,404	0	 
2,436	0	 
2,468	0	 
2,5	0	 
2,532	0	 
2,564	0	 
2,596	0	 
2,628	0	 
2,66	0	 
2,692	0	 
2,724	0	 
2,756	0	 
2,788	0	 
2,82	0	 
2,852	0	 
2,884	0	 
2,916	0	 
2,948	0	 
2,98	0	 
3,012	0	 
3,044	0	 
3,076	0	 
3,108	0	 
3,14	0	 
3,172	0	 
3,204	0	 
3,236	0	 
3,268	0	 
3,3	0	 
3,332	0	 
3,364	0	 
3,396	0	 
3,428	0	 
3,46	0	 
3,492	0	 
3,524	0	 
3,556	0	 
3,588	0	 
3,62	0	 
3,652	0	 
3,684	0	 
3,716	0	 
3,748	0	 
3,78	0	 
3,812	0	 
3,844	0	 
3,876	0	 
3,908	0	 
3,94	0	 
3,972	0	 
4,004	0	 
4,036	0	 
4,068	0	 
4,1	0	 
4,132	0	 
4,164	0	 
4,196	0	 
4,228	0	 
4,26	0	 
4,292	0	 
4,324	0	 
4,356	0	 
4,388	0	 
4,42	0	 
4,452	0	 
4,484	0	 
4,516	0	 
4,548	0	 
4,58	0	 
4,612	0	 
4,644	0	 
4,676	0	 
4,708	0	 
4,74	0	 
4,772	0	 
4,804	0	 
4,836	0	 
4,868	0	 
4,9	0	 
4,932	0	 
4,964	0	 
4,996	0	 
5,028	0	 
5,06	0	 
5,092	0	 
5,124	0	 
5,156	0	 
5,188	0	 
5,22	0	 
5,252	0	 
5,284	0	 
5,316	0	 
5,348	0	 
5,38	0	 
5,412	0	 
5,444	0	 
5,476	0	 
5,508	0	 
5,54	0	 
5,572	0	 
5,604	0	 
5,636	0	 
5,668	0	 
5,7	0	 
5,732	0	 
5,764	0	 
5,796	0	 
5,828	0	 
5,86	0	 
5,892	0	 
5,924	0	 
5,956	0	 
5,988	0	 
6,02	0	 
6,052	0	 
6,084	0	 
6,116	0	 
6,148	0	 
6,18	0	 
6,212	0	 
6,244	0	 
6,276	0	 
6,308	0	 
6,34	0	 
6,372	0	 
6,404	0	 
6,436	0	 
6,468	0	 
6,5	0	 
6,532	0	 
6,564	0	 
6,596	0	 
6,628	0	 
6,66	0	 
6,692	0	 
6,724	0	 
6,756	0	 
6,788	0	 
6,82	0	 
6,852	0	 
6,884	0	 
6,916	0	 
6,948	0	 
6,98	0	 
7,012	0	 
7,044	0	 
7,076	0	 
7,108	0	 
7,14	0	 
7,172	0	 
7,204	0	 
7,236	0	 
7,268	0	 
7,3	0	 
7,332	0	 
7,364	0	 
7,396	0	 
7,428	0	 
7,46	0	 
7,492	0	 
7,524	0	 
7,556	0	 
7,588	0	 
7,62	0	 
7,652	0	 
7,684	0	 
7,716	0	 
7,748	0	 
7,78	0	 
7,812	0	 
7,844	0	 
7,876	0	 
7,908	0	 
7,94	0	 
7,972	0	 
8,004	0	 
8,036	0	 
8,068	0	 
8,1	0	 
8,132	0	 
8,164	0	 
8,196	0	 
8,228	0	 
8,26	0	 
8,292	0	 
8,324	0	 
8,356	0	 
8,388	0	 
8,42	0	 
8,452	0	 
8,484	0	 
8,516	0	 
8,548	0	 
8,58	0	 
8,612	0	 
8,644	0	 
8,676	0	 
8,708	0	 
8,74	0	 
8,772	0	 
8,804	0	 
8,836	0	 
8,868	0	 
8,9	0	 
8,932	0	 
8,964	0	 
8,996	0	 
9,028	0	 
9,06	0	 
9,092	0	 
9,124	0	 
9,156	0	 
9,188	0	 
9,22	0	 
9,252	0	 
9,284	0	 
9,316	0	 
9,348	0	 
9,38	0	 
9,412	0	 
9,444	0	 
9,476	0	 
9,508	0	 
9,54	0	 
9,572	0	 
9,604	0	 
9,636	0	 
9,668	0	 
9,7	0	 
9,732	0	 
9,764	0	 
9,796	0	 
9,828	0	 
9,86	0	 
9,892	0	 
9,924	0	 
9,956	0	 
9,988	0	 
10,02	0	 
10,052	0	 
10,084	0	 
10,116	0	 
10,148	0	 
10,18	0	 
10,212	0	 
10,244	0	 
10,276	0	 
10,308	0	 
10,34	0	 
10,372	0	 
10,404	0	 
10,436	0	 
10,468	0	 
10,5	0	 
10,532	0	 
10,564	0	 
10,596	0	 
10,628	0	 
10,66	0	 
10,692	0	 
10,724	0	 
10,756	0	 
10,788	0	 
10,82	0	 
10,852	0	 
10,884	0	 
10,916	0	 
10,948	0	 
10,98	0	 
11,012	0	 
11,044	0	 
11,076	0	 
11,108	0	 
11,14	0	 
11,172	0	 
11,204	0	 
11,236	0	 
11,268	0	 
11,3	0	 
11,332	0	 
11,364	0	 
11,396	0	 
11,428	0	 
11,46	0	 
11,492	0	 
11,524	0	 
11,556	0	 
11,588	0	 
11,62	0	 
11,652	0	 
11,684	0	 
11,716	0	 
11,748	0	 
11,78	0	 
11,812	0	 
11,844	0	 
11,876	0	 
11,908	0	 
11,94	0	 
11,972	0	 
12,004	0	 
12,036	0	 
12,068	0	 
12,1	0	 
12,132	0	 
12,164	0	 
12,196	0	 
12,228	0	 
12,26	0	 
12,292	0	 
12,324	0	 
12,356	0	 
12,388	0	 
12,42	0	 
12,452	0	 
12,484	0	 
12,516	0	 
12,548	0	 
12,58	0	 
12,612	0	 
12,644	0	 
12,676	0	 
12,708	0	 
12,74	0	 
12,772	0	 
12,804	0	 
12,836	0	 
12,868	0	 
12,9	0	 
12,932	0	 
12,964	0	 
12,996	0	 
13,028	0	 
13,06	0	 
13,092	0	 
13,124	0	 
13,156	0	 
13,188	0	 
13,22	0	 
13,252	0	 
13,284	0	 
13,316	0	 
13,348	0	 
13,38	0	 
13,412	0	 
13,444	0	 
13,476	0	 
13,508	0	 
13,54	0	 
13,572	0	 
13,604	0	 
13,636	0	 
13,668	0	 
13,7	0	 
13,732	0	 
13,764	0	 
13,796	0	 
13,828	0	 
13,86	0	 
13,892	0	 
13,924	0	 
13,956	0	 
13,988	0	 
14,02	0	 
14,052	0	 
14,084	0	 
14,116	0	 
14,148	0	 
14,18	0	 
14,212	0	 
14,244	0	 
14,276	0	 
14,308	0	 
14,34	0	 
14,372	0	 
14,404	0	 
14,436	0	 
14,468	0	 
14,5	0	 
14,532	0	 
14,564	0	 
14,596	0	 
14,628	0	 
14,66	0	 
14,692	0	 
14,724	0	 
14,756	0	 
14,788	0	 
14,82	0	 
14,852	0	 
14,884	0	 
14,916	0	 
14,948	0	 
14,98	0	 
15,012	0	 
15,044	0	 
15,076	0	 
15,108	0	 
15,14	0	 
15,172	0	 
15,204	0	 
15,236	0	 
15,268	0	 
15,3	0	 
15,332	0	 
15,364	0	 
15,396	0	 
15,428	0	 
15,46	0	 
15,492	0	 
15,524	0	 
15,556	0	 
15,588	0	 
15,62	0	 
15,652	1	 
15,684	0	 
15,716	0	 
15,748	0	 
15,78	0	 
15,812	0	 
15,844	0	 
15,876	0	 
15,908	0	 
15,94	0	 
15,972	0	 
16,004	0	 
16,036	0	 
16,068	0	 
16,1	0	 
16,132	0	 
16,164	0	 
16,196	0	 
16,228	0	 
16,26	0	 
16,292	0	 
16,324	0	 
16,356	0	 
16,388	0	 
16,42	0	 
16,452	0	 
16,484	0	 
16,516	0	 
16,548	0	 
16,58	0	 
16,612	0	 
16,644	0	 
16,676	0	 
16,708	0	 
16,74	0	 
16,772	0	 
16,804	0	 
16,836	0	 
16,868	0	 
16,9	0	 
16,932	0	 
16,964	0	 
16,996	0	 
17,028	0	 
17,06	0	 
17,092	0	 
17,124	0	 
17,156	0	 
17,188	0	 
17,22	0	 
17,252	0	 
17,284	0	 
17,316	0	 
17,348	0	 
17,38	0	 
17,412	0	 
17,444	0	 
17,476	0	 
17,508	0	 
17,54	0	 
17,572	0	 
17,604	0	 
17,636	0	 
17,668	0	 
17,7	0	 
17,732	0	 
17,764	0	 
17,796	0	 
17,828	0	 
17,86	0	 
17,892	0	 
17,924	0	 
17,956	0	 
17,988	0	 
18,02	0	 
18,052	0	 
18,084	0	 
18,116	0	 
18,148	0	 
18,18	0	 
18,212	0	 
18,244	0	 
18,276	0	 
18,308	0	 
18,34	0	 
18,372	0	 
18,404	0	 
18,436	0	 
18,468	0	 
18,5	0	 
18,532	0	 
18,564	0	 
18,596	0	 
18,628	0	 
18,66	0	 
18,692	0	 
18,724	0	 
18,756	0	 
18,788	0	 
18,82	0	 
18,852	0	 
18,884	0	 
18,916	0	 
18,948	0	 
18,98	0	 
19,012	0	 
19,044	0	 
19,076	0	 
19,108	0	 
19,14	0	 
19,172	0	 
19,204	0	 
19,236	0	 
19,268	0	 
19,3	0	 
19,332	0	 
19,364	0	 
19,396	0	 
19,428	0	 
19,46	0	 
19,492	0	 
19,524	0	 
19,556	0	 
19,588	0	 
19,62	0	 
19,652	0	 
19,684	0	 
19,716	0	 
19,748	0	 
19,78	0	 
19,812	0	 
19,844	0	 
19,876	0	 
19,908	0	 
19,94	0	 
19,972	0	 
20,004	0	 
20,036	0	 
20,068	0	 
20,1	0	 
20,132	0	 
20,164	0	 
20,196	0	 
20,228	0	 
20,26	0	 
20,292	0	 
20,324	0	 
20,356	0	 
20,388	0	 
20,42	0	 
20,452	0	 
20,484	0	 
20,516	0	 
20,548	0	 
20,58	0	 
20,612	0	 
20,644	0	 
20,676	0	 
20,708	0	 
20,74	0	 
20,772	0	 
20,804	0	 
20,836	0	 
20,868	0	 
20,9	0	 
20,932	0	 
20,964	0	 
20,996	0	 
21,028	0	 
21,06	0	 
21,092	0	 
21,124	0	 
21,156	0	 
21,188	0	 
21,22	0	 
21,252	0	 
21,284	0	 
21,316	0	 
21,348	0	 
21,38	0	 
21,412	0	 
21,444	0	 
21,476	0	 
21,508	0	 
21,54	0	 
21,572	0	 
21,604	0	 
21,636	0	 
21,668	0	 
21,7	0	 
21,732	0	 
21,764	0	 
21,796	0	 
21,828	0	 
21,86	0	 
21,892	0	 
21,924	0	 
21,956	0	 
21,988	0	 
22,02	0	 
22,052	0	 
22,084	0	 
22,116	0	 
22,148	0	 
22,18	0	 
22,212	0	 
22,244	0	 
22,276	0	 
22,308	0	 
22,34	0	 
22,372	0	 
22,404	0	 
22,436	0	 
22,468	0	 
22,5	0	 
22,532	0	 
22,564	0	 
22,596	0	 
22,628	0	 
22,66	0	 
22,692	0	 
22,724	0	 
22,756	0	 
22,788	0	 
22,82	0	 
22,852	0	 
22,884	0	 
22,916	0	 
22,948	0	 
22,98	0	 
23,012	0	 
23,044	0	 
23,076	0	 
23,108	0	 
23,14	0	 
23,172	0	 
23,204	0	 
23,236	0	 
23,268	0	 
23,3	0	 
23,332	0	 
23,364	0	 
23,396	0	 
23,428	0	 
23,46	0	 
23,492	0	 
23,524	0	 
23,556	0	 
23,588	0	 
23,62	0	 
23,652	0	 
23,684	0	 
23,716	0	 
23,748	0	 
23,78	0	 
23,812	0	 
23,844	0	 
23,876	0	 
23,908	0	 
23,94	0	 
23,972	0	 
24,004	0	 
24,036	0	 
24,068	0	 
24,1	0	 
24,132	0	 
24,164	0	 
24,196	0	 
24,228	0	 
24,26	0	 
24,292	0	 
24,324	0	 
24,356	0	 
24,388	0	 
24,42	0	 
24,452	0	 
24,484	0	 
24,516	0	 
24,548	0	 
24,58	0	 
24,612	0	 
24,644	0	 
24,676	0	 
24,708	0	 
24,74	0	 
24,772	0	 
24,804	0	 
24,836	0	 
24,868	0	 
24,9	0	 
24,932	0	 
24,964	0	 
24,996	0	 
25,028	0	 
25,06	0	 
25,092	0	 
25,124	0	 
25,156	0	 
25,188	0	 
25,22	0	 
25,252	0	 
25,284	0	 
25,316	0	 
25,348	0	 
25,38	0	 
25,412	0	 
25,444	0	 
25,476	0	 
25,508	0	 
25,54	0	 
25,572	0	 
25,604	0	 
25,636	0	 
25,668	0	 
25,7	0	 
25,732	0	 
25,764	0	 
25,796	0	 
25,828	0	 
25,86	0	 
25,892	0	 
25,924	0	 
25,956	0	 
25,988	0	 
26,02	0	 
26,052	0	 
26,084	0	 
26,116	0	 
26,148	0	 
26,18	0	 
26,212	0	 
26,244	0	 
26,276	0	 
26,308	0	 
26,34	0	 
26,372	0	 
26,404	0	 
26,436	0	 
26,468	0	 
26,5	0	 
26,532	0	 
26,564	0	 
26,596	0	 
26,628	0	 
26,66	0	 
26,692	0	 
26,724	0	 
26,756	1	11,104
26,788	0	 
26,82	0	 
26,852	0	 
26,884	0	 
26,916	0	 
26,948	0	 
26,98	0	 
27,012	1	0,256
27,044	0	 
27,076	0	 
27,108	0	 
27,14	0	 
27,172	0	 
27,204	0	 
27,236	0	 
27,268	0	 
27,3	0	 
27,332	0	 
27,364	0	 
27,396	0	 
27,428	0	 
27,46	0	 
27,492	0	 
27,524	0	 
27,556	0	 
27,588	0	 
27,62	0	 
27,652	0	 
27,684	0	 
27,716	0	 
27,748	0	 
27,78	0	 
27,812	0	 
27,844	0	 
27,876	0	 
27,908	0	 
27,94	0	 
27,972	0	 
28,004	0	 
28,036	0	 
28,068	0	 
28,1	0	 
28,132	0	 
28,164	0	 
28,196	0	 
28,228	0	 
28,26	0	 
28,292	0	 
28,324	0	 
28,356	0	 
28,388	0	 
28,42	0	 
28,452	0	 
28,484	0	 
28,516	0	 
28,548	0	 
28,58	0	 
28,612	0	 
28,644	0	 
28,676	0	 
28,708	0	 
28,74	0	 
28,772	0	 
28,804	0	 
28,836	0	 
28,868	0	 
28,9	0	 
28,932	0	 
28,964	0	 
28,996	0	 
29,028	0	 
29,06	0	 
29,092	0	 
29,124	0	 
29,156	0	 
29,188	0	 
29,22	0	 
29,252	0	 
29,284	0	 
29,316	0	 
29,348	0	 
29,38	0	 
29,412	0	 
29,444	0	 
29,476	0	 
29,508	0	 
29,54	0	 
29,572	0	 
29,604	0	 
29,636	0	 
29,668	0	 
29,7	0	 
29,732	0	 
29,764	0	 
29,796	0	 
29,828	0	 
29,86	1	2,848
29,892	0	 
29,924	0	 
29,956	0	 
29,988	0	 
30,02	0	 
30,052	0	 
30,084	0	 
30,116	0	 
30,148	0	 
30,18	0	 
30,212	0	 
30,244	0	 
30,276	0	 
30,308	0	 
30,34	0	 
30,372	0	 
30,404	0	 
30,436	0	 
30,468	0	 
30,5	0	 
30,532	0	 
30,564	0	 
30,596	0	 
30,628	0	 
30,66	0	 
30,692	0	 
30,724	0	 
30,756	0	 
30,788	0	 
30,82	0	 
30,852	0	 
30,884	0	 
30,916	0	 
30,948	0	 
30,98	0	 
31,012	0	 
31,044	0	 
31,076	0	 
31,108	0	 
31,14	0	 
31,172	0	 
31,204	0	 
31,236	0	 
31,268	0	 
31,3	0	 
31,332	0	 
31,364	0	 
31,396	0	 
31,428	0	 
31,46	0	 
31,492	0	 
31,524	0	 
31,556	0	 
31,588	0	 
31,62	0	 
31,652	0	 
31,684	0	 
31,716	0	 
31,748	0	 
31,78	0	 
31,812	0	 
31,844	0	 
31,876	0	 
31,908	0	 
31,94	0	 
31,972	0	 
32,004	0	 
32,036	0	 
32,068	0	 
32,1	0	 
32,132	0	 
32,164	0	 
32,196	0	 
32,228	0	 
32,26	0	 
32,292	0	 
32,324	0	 
32,356	0	 
32,388	0	 
32,42	0	 
32,452	0	 
32,484	0	 
32,516	0	 
32,548	0	 
32,58	0	 
32,612	0	 
32,644	0	 
32,676	0	 
32,708	0	 
32,74	0	 
32,772	0	 
32,804	0	 
32,836	0	 
32,868	0	 
32,9	0	 
32,932	0	 
32,964	0	 
32,996	0	 
33,028	0	 
33,06	0	 
33,092	0	 
33,124	0	 
33,156	0	 
33,188	0	 
33,22	0	 
33,252	0	 
33,284	0	 
33,316	0	 
33,348	0	 
33,38	0	 
33,412	0	 
33,444	0	 
33,476	0	 
33,508	0	 
33,54	0	 
33,572	0	 
33,604	0	 
33,636	0	 
33,668	0	 
33,7	0	 
33,732	0	 
33,764	0	 
33,796	0	 
33,828	0	 
33,86	0	 
33,892	0	 
33,924	0	 
33,956	0	 
33,988	0	 
34,02	0	 
34,052	0	 
34,084	0	 
34,116	0	 
34,148	0	 
34,18	0	 
34,212	0	 
34,244	0	 
34,276	0	 
34,308	0	 
34,34	0	 
34,372	0	 
34,404	0	 
34,436	0	 
34,468	0	 
34,5	0	 
34,532	0	 
34,564	0	 
34,596	0	 
34,628	0	 
34,66	0	 
34,692	0	 
34,724	0	 
34,756	0	 
34,788	0	 
34,82	0	 
34,852	0	 
34,884	0	 
34,916	0	 
34,948	0	 
34,98	0	 
35,012	0	 
35,044	0	 
35,076	0	 
35,108	0	 
35,14	0	 
35,172	0	 
35,204	0	 
35,236	0	 
35,268	0	 
35,3	0	 
35,332	0	 
35,364	0	 
35,396	0	 
35,428	0	 
35,46	0	 
35,492	0	 
35,524	0	 
35,556	0	 
35,588	0	 
35,62	0	 
35,652	0	 
35,684	0	 
35,716	0	 
35,748	0	 
35,78	0	 
35,812	0	 
35,844	0	 
35,876	0	 
35,908	0	 
35,94	0	 
35,972	0	 
36,004	0	 
36,036	0	 
36,068	0	 
36,1	0	 
36,132	0	 
36,164	0	 
36,196	0	 
36,228	0	 
36,26	0	 
36,292	0	 
36,324	0	 
36,356	0	 
36,388	0	 
36,42	0	 
36,452	0	 
36,484	0	 
36,516	0	 
36,548	0	 
36,58	0	 
36,612	0	 
36,644	0	 
36,676	0	 
36,708	0	 
36,74	0	 
36,772	0	 
36,804	0	 
36,836	0	 
36,868	0	 
36,9	0	 
36,932	0	 
36,964	0	 
36,996	0	 
37,028	0	 
37,06	0	 
37,092	0	 
37,124	0	 
37,156	0	 
37,188	0	 
37,22	0	 
37,252	0	 
37,284	0	 
37,316	0	 
37,348	0	 
37,38	0	 
37,412	0	 
37,444	0	 
37,476	0	 
37,508	0	 
37,54	0	 
37,572	0	 
37,604	0	 
37,636	0	 
37,668	0	 
37,7	0	 
37,732	0	 
37,764	0	 
37,796	0	 
37,828	0	 
37,86	0	 
37,892	0	 
37,924	0	 
37,956	0	 
37,988	0	 
38,02	0	 
38,052	0	 
38,084	0	 
38,116	0	 
38,148	0	 
38,18	0	 
38,212	0	 
38,244	0	 
38,276	0	 
38,308	0	 
38,34	0	 
38,372	0	 
38,404	0	 
38,436	0	 
38,468	0	 
38,5	0	 
38,532	0	 
38,564	0	 
38,596	0	 
38,628	0	 
38,66	0	 
38,692	0	 
38,724	0	 
38,756	0	 
38,788	0	 
38,82	0	 
38,852	0	 
38,884	0	 
38,916	0	 
38,948	0	 
38,98	0	 
39,012	0	 
39,044	0	 
39,076	0	 
39,108	0	 
39,14	0	 
39,172	0	 
39,204	0	 
39,236	0	 
39,268	0	 
39,3	0	 
39,332	0	 
39,364	0	 
39,396	0	 
39,428	0	 
39,46	0	 
39,492	0	 
39,524	0	 
39,556	0	 
39,588	0	 
39,62	0	 
39,652	0	 
39,684	0	 
39,716	0	 
39,748	0	 
39,78	0	 
39,812	0	 
39,844	0	 
39,876	0	 
39,908	0	 
39,94	0	 
39,972	0	 
40,004	0	 
40,036	0	 
40,064	0	 
40,096	0	 
40,128	0	 
40,16	0	 
40,192	0	 
40,224	0	 
40,256	0	 
40,288	0	 
40,32	0	 
40,352	0	 
40,384	0	 
40,416	0	 
40,448	0	 
40,48	0	 
40,512	0	 
40,544	0	 
40,576	0	 
40,608	0	 
40,64	0	 
40,672	0	 
40,704	0	 
40,736	0	 
40,768	0	 
40,8	0	 
40,832	0	 
40,864	0	 
40,896	0	 
40,928	0	 
40,96	0	 
40,992	0	 
41,024	0	 
41,056	0	 
41,088	0	 
41,12	0	 
41,152	0	 
41,184	0	 
41,216	0	 
41,248	0	 
41,28	0	 
41,312	0	 
41,344	0	 
41,376	0	 
41,408	0	 
41,44	0	 
41,472	0	 
41,504	0	 
41,536	0	 
41,568	0	 
41,6	0	 
41,632	0	 
41,664	0	 
41,696	0	 
41,728	0	 
41,76	0	 
41,792	0	 
41,824	0	 
41,856	0	 
41,888	0	 
41,92	0	 
41,952	0	 
41,984	0	 
42,016	0	 
42,048	0	 
42,08	0	 
42,112	0	 
42,144	0	 
42,176	0	 
42,208	0	 
42,24	0	 
42,272	0	 
42,304	0	 
42,336	0	 
42,368	0	 
42,4	0	 
42,432	0	 
42,464	0	 
42,496	0	 
42,528	0	 
42,56	0	 
42,592	0	 
42,624	0	 
42,656	0	 
42,688	0	 
42,72	0	 
42,752	0	 
42,784	0	 
42,816	0	 
42,848	0	 
42,88	0	 
42,912	0	 
42,944	0	 
42,976	0	 
43,008	0	 
43,04	0	 
43,072	0	 
43,104	0	 
43,136	0	 
43,168	0	 
43,2	0	 
43,232	0	 
43,264	0	 
43,296	0	 
43,328	0	 
43,36	0	 
43,392	0	 
43,424	0	 
43,456	0	 
43,488	0	 
43,52	0	 
43,552	0	 
43,584	0	 
43,616	0	 
43,648	0	 
43,68	0	 
43,712	0	 
43,744	0	 
43,776	0	 
43,808	0	 
43,84	0	 
43,872	0	 
43,904	0	 
43,936	0	 
43,968	0	 
44	0	 
44,032	0	 
44,064	0	 
44,096	0	 
44,128	0	 
44,16	0	 
44,192	0	 
44,224	0	 
44,256	0	 
44,288	0	 
44,32	0	 
44,352	0	 
44,384	0	 
44,416	0	 
44,448	0	 
44,48	0	 
44,512	0	 
44,544	0	 
44,576	0	 
44,608	0	 
44,64	0	 
44,672	0	 
44,704	0	 
44,736	0	 
44,768	0	 
44,8	0	 
44,832	0	 
44,864	0	 
44,896	0	 
44,928	0	 
44,96	0	 
44,992	0	 
45,024	0	 
45,056	0	 
45,088	0	 
45,12	0	 
45,152	0	 
45,184	0	 
45,216	0	 
45,248	0	 
45,28	0	 
45,312	0	 
45,344	0	 
45,376	0	 
45,408	0	 
45,44	0	 
45,472	0	 
45,504	0	 
45,536	0	 
45,568	0	 
45,6	0	 
45,632	0	 
45,664	0	 
45,696	0	 
45,728	0	 
45,76	0	 
45,792	0	 
45,824	0	 
45,856	0	 
45,888	0	 
45,92	0	 
45,952	0	 
45,984	0	 
46,016	0	 
46,048	0	 
46,08	0	 
46,112	0	 
46,144	0	 
46,176	0	 
46,208	0	 
46,24	0	 
46,272	0	 
46,304	0	 
46,336	0	 
46,368	0	 
46,4	0	 
46,432	0	 
46,464	0	 
46,496	0	 
46,528	0	 
46,56	0	 
46,592	0	 
46,624	0	 
46,656	0	 
46,688	0	 
46,72	0	 
46,752	0	 
46,784	0	 
46,816	0	 
46,848	0	 
46,88	0	 
46,912	0	 
46,944	0	 
46,976	0	 
47,008	0	 
47,04	0	 
47,072	0	 
47,104	0	 
47,136	0	 
47,168	0	 
47,2	0	 
47,232	0	 
47,264	0	 
47,296	0	 
47,328	0	 
47,36	0	 
47,392	0	 
47,424	0	 
47,456	0	 
47,488	0	 
47,52	0	 
47,552	0	 
47,584	0	 
47,616	0	 
47,648	0	 
47,68	0	 
47,712	0	 
47,744	0	 
47,776	0	 
47,808	0	 
47,84	0	 
47,872	0	 
47,904	0	 
47,936	0	 
47,968	0	 
48	0	 
48,032	0	 
48,064	0	 
48,096	0	 
48,128	0	 
48,16	0	 
48,192	0	 
48,224	0	 
48,256	0	 
48,288	0	 
48,32	0	 
48,352	0	 
48,384	0	 
48,416	0	 
48,448	0	 
48,48	0	 
48,512	0	 
48,544	0	 
48,576	0	 
48,608	0	 
48,64	0	 
48,672	0	 
48,704	0	 
48,736	0	 
48,768	0	 
48,8	0	 
48,832	0	 
48,864	0	 
48,896	0	 
48,928	0	 
48,96	0	 
48,992	0	 
49,024	0	 
49,056	0	 
49,088	0	 
49,12	0	 
49,152	0	 
49,184	0	 
49,216	0	 
49,248	0	 
49,28	0	 
49,312	0	 
49,344	0	 
49,376	0	 
49,408	0	 
49,44	0	 
49,472	0	 
49,504	0	 
49,536	0	 
49,568	0	 
49,6	0	 
49,632	0	 
49,664	0	 
49,696	0	 
49,728	0	 
49,76	0	 
49,792	0	 
49,824	0	 
49,856	0	 
49,888	0	 
49,92	0	 
49,952	0	 
49,984	0	 
50,016	0	 
50,048	0	 
50,08	0	 
50,112	0	 
50,144	0	 
50,176	0	 
50,208	0	 
50,24	0	 
50,272	0	 
50,304	0	 
50,336	0	 
50,368	0	 
50,4	0	 
50,432	0	 
50,464	0	 
50,496	0	 
50,528	0	 
50,56	0	 
50,592	0	 
50,624	0	 
50,656	0	 
50,688	0	 
50,72	0	 
50,752	0	 
50,784	0	 
50,816	0	 
50,848	0	 
50,88	0	 
50,912	0	 
50,944	0	 
50,976	0	 
51,008	0	 
51,04	0	 
51,072	0	 
51,104	0	 
51,136	0	 
51,168	0	 
51,2	0	 
51,232	0	 
51,264	0	 
51,296	0	 
51,328	0	 
51,36	0	 
51,392	0	 
51,424	0	 
51,456	0	 
51,488	0	 
51,52	0	 
51,552	0	 
51,584	0	 
51,616	0	 
51,648	0	 
51,68	0	 
51,712	0	 
51,744	0	 
51,776	0	 
51,808	0	 
51,84	0	 
51,872	0	 
51,904	0	 
51,936	0	 
51,968	0	 
52	0	 
52,032	0	 
52,064	0	 
52,096	0	 
52,128	0	 
52,16	0	 
52,192	0	 
52,224	0	 
52,256	0	 
52,288	0	 
52,32	0	 
52,352	0	 
52,384	0	 
52,416	0	 
52,448	0	 
52,48	0	 
52,512	0	 
52,544	0	 
52,576	0	 
52,608	0	 
52,64	0	 
52,672	0	 
52,704	0	 
52,736	0	 
52,768	0	 
52,8	0	 
52,832	0	 
52,864	0	 
52,896	0	 
52,928	0	 
52,96	0	 
52,992	0	 
53,024	0	 
53,056	0	 
53,088	0	 
53,12	0	 
53,152	0	 
53,184	0	 
53,216	0	 
53,248	0	 
53,28	0	 
53,312	0	 
53,344	0	 
53,376	0	 
53,408	0	 
53,44	0	 
53,472	0	 
53,504	0	 
53,536	0	 
53,568	0	 
53,6	0	 
53,632	0	 
53,664	0	 
53,696	0	 
53,728	0	 
53,76	0	 
53,792	0	 
53,824	0	 
53,856	0	 
53,888	0	 
53,92	0	 
53,952	0	 
53,984	0	 
54,016	0	 
54,048	0	 
54,08	0	 
54,112	0	 
54,144	0	 
54,176	0	 
54,208	0	 
54,24	0	 
54,272	0	 
54,304	0	 
54,336	0	 
54,368	0	 
54,4	0	 
54,432	0	 
54,464	0	 
54,496	0	 
54,528	0	 
54,56	0	 
54,592	0	 
54,624	0	 
54,656	0	 
54,688	0	 
54,72	0	 
54,752	0	 
54,784	0	 
54,816	0	 
54,848	0	 
54,88	0	 
54,912	0	 
54,944	0	 
54,976	0	 
55,008	0	 
55,04	0	 
55,072	0	 
55,104	0	 
55,136	0	 
55,168	0	 
55,2	0	 
55,232	0	 
55,264	0	 
55,296	0	 
55,328	0	 
55,36	0	 
55,392	0	 
55,424	0	 
55,456	0	 
55,488	0	 
55,52	0	 
55,552	0	 
55,584	0	 
55,616	0	 
55,648	0	 
55,68	0	 
55,712	0	 
55,744	0	 
55,776	0	 
55,808	0	 
55,84	0	 
55,872	0	 
55,904	0	 
55,936	0	 
55,968	0	 
56	0	 
56,032	0	 
56,064	0	 
56,096	0	 
56,128	0	 
56,16	0	 
56,192	0	 
56,224	0	 
56,256	0	 
56,288	0	 
56,32	0	 
56,352	0	 
56,384	0	 
56,416	0	 
56,448	0	 
56,48	0	 
56,512	0	 
56,544	0	 
56,576	0	 
56,608	0	 
56,64	0	 
56,672	0	 
56,704	0	 
56,736	0	 
56,768	0	 
56,8	0	 
56,832	0	 
56,864	0	 
56,896	0	 
56,928	0	 
56,96	0	 
56,992	0	 
57,024	0	 
57,056	0	 
57,088	0	 
57,12	0	 
57,152	0	 
57,184	0	 
57,216	0	 
57,248	0	 
57,28	0	 
57,312	0	 
57,344	0	 
57,376	0	 
57,408	0	 
57,44	0	 
57,472	0	 
57,504	0	 
57,536	0	 
57,568	0	 
57,6	0	 
57,632	0	 
57,664	0	 
57,696	0	 
57,728	0	 
57,76	0	 
57,792	0	 
57,824	0	 
57,856	0	 
57,888	0	 
57,92	0	 
57,952	0	 
57,984	0	 
58,016	0	 
58,048	0	 
58,08	0	 
58,112	0	 
58,144	0	 
58,176	0	 
58,208	0	 
58,24	0	 
58,272	0	 
58,304	0	 
58,336	0	 
58,368	0	 
58,4	0	 
58,432	0	 
58,464	0	 
58,496	0	 
58,528	0	 
58,56	0	 
58,592	0	 
58,624	0	 
58,656	0	 
58,688	0	 
58,72	0	 
58,752	0	 
58,784	0	 
58,816	0	 
58,848	0	 
58,88	0	 
58,912	0	 
58,944	0	 
58,976	0	 
59,008	0	 
59,04	0	 
59,072	0	 
59,104	0	 
59,136	0	 
59,168	0	 
59,2	0	 
59,232	0	 
59,264	0	 
59,296	0	 
59,328	0	 
59,36	0	 
59,392	0	 
59,424	0	 
59,456	0	 
59,488	0	 
59,52	0	 
59,552	0	 
59,584	0	 
59,616	0	 
59,648	0	 
59,68	0	 
59,712	0	 
59,744	0	 
59,776	0	 
59,808	0	 
59,84	0	 
59,872	0	 
59,904	0	 
59,936	0	 
59,968	0	 
60	0	 
60,032	0	 
60,064	0	 
60,096	0	 
60,128	0	 
60,16	0	 
60,192	0	 
60,224	0	 
60,256	0	 
60,288	0	 
60,32	0	 
60,352	0	 
60,384	0	 
60,416	0	 
60,448	0	 
60,48	0	 
60,512	0	 
60,544	0	 
60,576	0	 
60,608	0	 
60,64	0	 
60,672	0	 
60,704	0	 
60,736	0	 
60,768	0	 
60,8	0	 
60,832	0	 
60,864	0	 
60,896	0	 
60,928	0	 
60,96	0	 
60,992	0	 
61,024	0	 
61,056	0	 
61,088	0	 
61,12	0	 
61,152	0	 
61,184	0	 
61,216	0	 
61,248	0	 
61,28	0	 
61,312	0	 
61,344	0	 
61,376	0	 
61,408	0	 
61,44	0	 
61,472	0	 
61,504	0	 
61,536	0	 
61,568	0	 
61,6	0	 
61,632	0	 
61,664	0	 
61,696	0	 
61,728	0	 
61,76	0	 
61,792	0	 
61,824	0	 
61,856	0	 
61,888	0	 
61,92	0	 
61,952	0	 
61,984	0	 
62,016	0	 
62,048	0	 
62,08	0	 
62,112	0	 
62,144	0	 
62,176	0	 
62,208	0	 
62,24	0	 
62,272	0	 
62,304	0	 
62,336	0	 
62,368	0	 
62,4	0	 
62,432	0	 
62,464	0	 
62,496	0	 
62,528	0	 
62,56	0	 
62,592	0	 
62,624	0	 
62,656	0	 
62,688	0	 
62,72	0	 
62,752	0	 
62,784	0	 
62,816	0	 
62,848	0	 
62,88	0	 
62,912	0	 
62,944	0	 
62,976	0	 
63,008	0	 
63,04	0	 
63,072	0	 
63,104	0	 
63,136	0	 
63,168	0	 
63,2	0	 
63,232	0	 
63,264	0	 
63,296	0	 
63,328	0	 
63,36	0	 
63,392	0	 
63,424	0	 
63,456	0	 
63,488	0	 
63,52	0	 
63,552	0	 
63,584	0	 
63,616	0	 
63,648	0	 
63,68	0	 
63,712	0	 
63,744	0	 
63,776	0	 
63,808	0	 
63,84	0	 
63,872	0	 
63,904	0	 
63,936	0	 
63,968	0	 
64	0	 
64,032	0	 
64,064	0	 
64,096	0	 
64,128	0	 
64,16	0	 
64,192	0	 
64,224	0	 
64,256	0	 
64,288	0	 
64,32	0	 
64,352	0	 
64,384	0	 
64,416	0	 
64,448	0	 
64,48	0	 
64,512	0	 
64,544	0	 
64,576	0	 
64,608	0	 
64,64	0	 
64,672	0	 
64,704	0	 
64,736	0	 
64,768	0	 
64,8	0	 
64,832	0	 
64,864	0	 
64,896	0	 
64,928	0	 
64,96	0	 
64,992	0	 
65,024	0	 
65,056	0	 
65,088	0	 
65,12	0	 
65,152	0	 
65,184	0	 
65,216	0	 
65,248	0	 
65,28	0	 
65,312	0	 
65,344	0	 
65,376	0	 
65,408	0	 
65,44	0	 
65,472	0	 
65,504	0	 
65,536	0	 
65,568	0	 
65,6	0	 
65,632	0	 
65,664	0	 
65,696	0	 
65,728	0	 
65,76	0	 
65,792	0	 
65,824	0	 
65,856	0	 
65,888	0	 
65,92	0	 
65,952	0	 
65,984	0	 
66,016	0	 
66,048	0	 
66,08	0	 
66,112	0	 
66,144	0	 
66,176	0	 
66,208	0	 
66,24	0	 
66,272	0	 
66,304	0	 
66,336	0	 
66,368	0	 
66,4	0	 
66,432	0	 
66,464	0	 
66,496	0	 
66,528	0	 
66,56	0	 
66,592	0	 
66,624	0	 
66,656	0	 
66,688	0	 
66,72	0	 
66,752	0	 
66,784	0	 
66,816	0	 
66,848	0	 
66,88	0	 
66,912	0	 
66,944	0	 
66,976	0	 
67,008	0	 
67,04	0	 
67,072	0	 
67,104	0	 
67,136	0	 
67,168	0	 
67,2	0	 
67,232	0	 
67,264	0	 
67,296	0	 
67,328	0	 
67,36	0	 
67,392	0	 
67,424	0	 
67,456	0	 
67,488	0	 
67,52	0	 
67,552	0	 
67,584	0	 
67,616	0	 
67,648	0	 
67,68	0	 
67,712	0	 
67,744	0	 
67,776	0	 
67,808	0	 
67,84	0	 
67,872	0	 
67,904	0	 
67,936	0	 
67,968	0	 
68	0	 
68,032	0	 
68,064	0	 
68,096	0	 
68,128	0	 
68,16	0	 
68,192	0	 
68,224	0	 
68,256	0	 
68,288	0	 
68,32	0	 
68,352	0	 
68,384	0	 
68,416	0	 
68,448	0	 
68,48	0	 
68,512	0	 
68,544	0	 
68,576	0	 
68,608	0	 
68,64	0	 
68,672	0	 
68,704	0	 
68,736	0	 
68,768	0	 
68,8	0	 
68,832	0	 
68,864	0	 
68,896	0	 
68,928	0	 
68,96	0	 
68,992	0	 
69,024	0	 
69,056	0	 
69,088	0	 
69,12	0	 
69,152	0	 
69,184	0	 
69,216	0	 
69,248	0	 
69,28	0	 
69,312	0	 
69,344	0	 
69,376	0	 
69,408	0	 
69,44	0	 
69,472	0	 
69,504	0	 
69,536	0	 
69,568	0	 
69,6	0	 
69,632	0	 
69,664	0	 
69,696	0	 
69,728	0	 
69,76	0	 
69,792	0	 
69,824	0	 
69,856	0	 
69,888	0	 
69,92	0	 
69,952	0	 
69,984	0	 
70,016	0	 
70,048	0	 
70,08	0	 
70,112	0	 
70,144	0	 
70,176	0	 
70,208	0	 
70,24	0	 
70,272	0	 
70,304	0	 
70,336	0	 
70,368	0	 
70,4	0	 
70,432	0	 
70,464	0	 
70,496	0	 
70,528	0	 
70,56	0	 
70,592	0	 
70,624	0	 
70,656	0	 
70,688	0	 
70,72	0	 
70,752	0	 
70,784	0	 
70,816	0	 
70,848	0	 
70,88	0	 
70,912	0	 
70,944	0	 
70,976	0	 
71,008	0	 
71,04	0	 
71,072	0	 
71,104	0	 
71,136	0	 
71,168	0	 
71,2	0	 
71,232	0	 
71,264	0	 
71,296	0	 
71,328	0	 
71,36	0	 
71,392	0	 
71,424	0	 
71,456	0	 
71,488	0	 
71,52	0	 
71,552	0	 
71,584	0	 
71,616	0	 
71,648	0	 
71,68	0	 
71,712	0	 
71,744	0	 
71,776	0	 
71,808	0	 
71,84	0	 
71,872	0	 
71,904	0	 
71,936	0	 
71,968	0	 
72	0	 
72,032	0	 
72,064	0	 
72,096	0	 
72,128	0	 
72,16	0	 
72,192	0	 
72,224	0	 
72,256	0	 
72,288	0	 
72,32	0	 
72,352	0	 
72,384	0	 
72,416	0	 
72,448	0	 
72,48	0	 
72,512	0	 
72,544	0	 
72,576	0	 
72,608	0	 
72,64	0	 
72,672	0	 
72,704	0	 
72,736	0	 
72,768	0	 
72,8	0	 
72,832	0	 
72,864	0	 
72,896	0	 
72,928	0	 
72,96	0	 
72,992	0	 
73,024	0	 
73,056	0	 
73,088	0	 
73,12	0	 
73,152	0	 
73,184	0	 
73,216	0	 
73,248	0	 
73,28	0	 
73,312	0	 
73,344	0	 
73,376	0	 
73,408	0	 
73,44	0	 
73,472	0	 
73,504	0	 
73,536	0	 
73,568	0	 
73,6	0	 
73,632	0	 
73,664	0	 
73,696	0	 
73,728	0	 
73,76	0	 
73,792	0	 
73,824	0	 
73,856	0	 
73,888	0	 
73,92	0	 
73,952	0	 
73,984	0	 
74,016	0	 
74,048	0	 
74,08	0	 
74,112	0	 
74,144	0	 
74,176	0	 
74,208	0	 
74,24	0	 
74,272	0	 
74,304	0	 
74,336	0	 
74,368	0	 
74,4	0	 
74,432	0	 
74,464	0	 
74,496	0	 
74,528	0	 
74,56	0	 
74,592	0	 
74,624	0	 
74,656	0	 
74,688	0	 
74,72	0	 
74,752	0	 
74,784	0	 
74,816	0	 
74,848	0	 
74,88	0	 
74,912	0	 
74,944	0	 
74,976	0	 
75,008	0	 
75,04	0	 
75,072	0	 
75,104	0	 
75,136	0	 
75,168	0	 
75,2	0	 
75,232	0	 
75,264	0	 
75,296	0	 
75,328	0	 
75,36	0	 
75,392	0	 
75,424	0	 
75,456	0	 
75,488	0	 
75,52	0	 
75,552	0	 
75,584	0	 
75,616	0	 
75,648	0	 
75,68	0	 
75,712	0	 
75,744	0	 
75,776	0	 
75,808	0	 
75,84	0	 
75,872	0	 
75,904	0	 
75,936	0	 
75,968	0	 
76	0	 
76,032	0	 
76,064	0	 
76,096	1	46,236
76,128	0	 
76,16	0	 
76,192	0	 
76,224	0	 
76,256	0	 
76,288	0	 
76,32	0	 
76,352	0	 
76,384	0	 
76,416	0	 
76,448	0	 
76,48	0	 
76,512	0	 
76,544	0	 
76,576	0	 
76,608	0	 
76,64	0	 
76,672	0	 
76,704	0	 
76,736	0	 
76,768	0	 
76,8	0	 
76,832	0	 
76,864	0	 
76,896	0	 
76,928	0	 
76,96	0	 
76,992	0	 
77,024	0	 
77,056	0	 
77,088	0	 
77,12	0	 
77,152	0	 
77,184	1	1,088
77,216	0	 
77,248	0	 
77,28	0	 
77,312	0	 
77,344	0	 
77,376	0	 
77,408	0	 
77,44	0	 
77,472	0	 
77,504	0	 
77,536	0	 
77,568	0	 
77,6	0	 
77,632	0	 
77,664	0	 
77,696	0	 
77,728	0	 
77,76	0	 
77,792	0	 
77,824	0	 
77,856	0	 
77,888	0	 
77,92	0	 
77,952	0	 
77,984	0	 
78,016	0	 
78,048	0	 
78,08	0	 
78,112	0	 
78,144	0	 
78,176	0	 
78,208	0	 
78,24	0	 
78,272	0	 
78,304	0	 
78,336	0	 
78,368	0	 
78,4	0	 
78,432	0	 
78,464	0	 
78,496	0	 
78,528	0	 
78,56	0	 
78,592	0	 
78,624	0	 
78,656	0	 
78,688	0	 
78,72	0	 
78,752	0	 
78,784	0	 
78,816	0	 
78,848	0	 
78,88	0	 
78,912	0	 
78,944	0	 
78,976	0	 
79,008	0	 
79,04	0	 
79,072	0	 
79,104	0	 
79,136	0	 
79,168	0	 
79,2	0	 
79,232	0	 
79,264	0	 
79,296	0	 
79,328	0	 
79,36	0	 
79,392	0	 
79,424	0	 
79,456	0	 
79,488	0	 
79,52	0	 
79,552	0	 
79,584	0	 
79,616	0	 
79,648	0	 
79,68	0	 
79,712	0	 
79,744	0	 
79,776	0	 
79,808	0	 
79,84	0	 
79,872	0	 
79,904	0	 
79,936	0	 
79,968	0	 
80	0	 
80,024	0	 
80,056	0	 
80,088	0	 
80,12	0	 
80,152	0	 
80,184	0	 
80,216	0	 
80,248	0	 
80,28	0	 
80,312	0	 
80,344	0	 
80,376	0	 
80,408	0	 
80,44	0	 
80,472	0	 
80,504	0	 
80,536	0	 
80,568	0	 
80,6	0	 
80,632	0	 
80,664	0	 
80,696	0	 
80,728	0	 
80,76	0	 
80,792	0	 
80,824	0	 
80,856	0	 
80,888	0	 
80,92	0	 
80,952	0	 
80,984	0	 
81,016	0	 
81,048	0	 
81,08	0	 
81,112	0	 
81,144	0	 
81,176	0	 
81,208	0	 
81,24	0	 
81,272	0	 
81,304	0	 
81,336	0	 
81,368	0	 
81,4	0	 
81,432	0	 
81,464	0	 
81,496	0	 
81,528	0	 
81,56	0	 
81,592	0	 
81,624	0	 
81,656	0	 
81,688	0	 
81,72	0	 
81,752	0	 
81,784	0	 
81,816	0	 
81,848	0	 
81,88	0	 
81,912	0	 
81,944	0	 
81,976	0	 
82,008	0	 
82,04	0	 
82,072	0	 
82,104	0	 
82,136	0	 
82,168	0	 
82,2	0	 
82,232	0	 
82,264	0	 
82,296	0	 
82,328	0	 
82,36	0	 
82,392	0	 
82,424	0	 
82,456	0	 
82,488	0	 
82,52	0	 
82,552	0	 
82,584	0	 
82,616	0	 
82,648	0	 
82,68	0	 
82,712	0	 
82,744	0	 
82,776	0	 
82,808	0	 
82,84	0	 
82,872	0	 
82,904	0	 
82,936	0	 
82,968	0	 
83	0	 
83,032	0	 
83,064	0	 
83,096	0	 
83,128	0	 
83,16	0	 
83,192	0	 
83,224	0	 
83,256	0	 
83,288	0	 
83,32	0	 
83,352	0	 
83,384	0	 
83,416	0	 
83,448	0	 
83,48	0	 
83,512	0	 
83,544	0	 
83,576	0	 
83,608	0	 
83,64	0	 
83,672	0	 
83,704	0	 
83,736	0	 
83,768	0	 
83,8	0	 
83,832	0	 
83,864	0	 
83,896	0	 
83,928	0	 
83,96	0	 
83,992	0	 
84,024	0	 
84,056	0	 
84,088	0	 
84,12	0	 
84,152	0	 
84,184	0	 
84,216	0	 
84,248	0	 
84,28	0	 
84,312	0	 
84,344	0	 
84,376	0	 
84,408	0	 
84,44	0	 
84,472	0	 
84,504	0	 
84,536	0	 
84,568	0	 
84,6	0	 
84,632	0	 
84,664	0	 
84,696	0	 
84,728	0	 
84,76	0	 
84,792	0	 
84,824	0	 
84,856	0	 
84,888	0	 
84,92	0	 
84,952	0	 
84,984	0	 
85,016	0	 
85,048	0	 
85,08	0	 
85,112	0	 
85,144	0	 
85,176	0	 
85,208	0	 
85,24	0	 
85,272	0	 
85,304	0	 
85,336	0	 
85,368	0	 
85,4	0	 
85,432	0	 
85,464	0	 
85,496	0	 
85,528	0	 
85,56	0	 
85,592	0	 
85,624	0	 
85,656	0	 
85,688	0	 
85,72	0	 
85,752	0	 
85,784	0	 
85,816	0	 
85,848	0	 
85,88	0	 
85,912	0	 
85,944	0	 
85,976	0	 
86,008	0	 
86,04	0	 
86,072	0	 
86,104	0	 
86,136	0	 
86,168	0	 
86,2	0	 
86,232	0	 
86,264	0	 
86,296	0	 
86,328	0	 
86,36	0	 
86,392	0	 
86,424	0	 
86,456	0	 
86,488	0	 
86,52	0	 
86,552	0	 
86,584	0	 
86,616	0	 
86,648	0	 
86,68	0	 
86,712	0	 
86,744	0	 
86,776	0	 
86,808	0	 
86,84	0	 
86,872	0	 
86,904	0	 
86,936	0	 
86,968	0	 
87	0	 
87,032	0	 
87,064	0	 
87,096	0	 
87,128	0	 
87,16	0	 
87,192	0	 
87,224	0	 
87,256	0	 
87,288	0	 
87,32	0	 
87,352	0	 
87,384	0	 
87,416	0	 
87,448	0	 
87,48	0	 
87,512	0	 
87,544	0	 
87,576	0	 
87,608	0	 
87,64	0	 
87,672	0	 
87,704	0	 
87,736	0	 
87,768	0	 
87,8	0	 
87,832	0	 
87,864	0	 
87,896	0	 
87,928	0	 
87,96	0	 
87,992	0	 
88,024	0	 
88,056	0	 
88,088	0	 
88,12	0	 
88,152	0	 
88,184	0	 
88,216	0	 
88,248	0	 
88,28	0	 
88,312	0	 
88,344	0	 
88,376	0	 
88,408	0	 
88,44	0	 
88,472	0	 
88,504	0	 
88,536	0	 
88,568	0	 
88,6	0	 
88,632	0	 
88,664	0	 
88,696	0	 
88,728	0	 
88,76	0	 
88,792	0	 
88,824	0	 
88,856	0	 
88,888	0	 
88,92	0	 
88,952	0	 
88,984	0	 
89,016	0	 
89,048	0	 
89,08	0	 
89,112	0	 
89,144	0	 
89,176	0	 
89,208	0	 
89,24	0	 
89,272	0	 
89,304	0	 
89,336	0	 
89,368	0	 
89,4	0	 
89,432	0	 
89,464	0	 
89,496	0	 
89,528	0	 
89,56	0	 
89,592	0	 
89,624	0	 
89,656	0	 
89,688	0	 
89,72	0	 
89,752	0	 
89,784	0	 
89,816	0	 
89,848	0	 
89,88	0	 
89,912	0	 
89,944	0	 
89,976	0	 
90,008	0	 
90,04	0	 
90,072	0	 
90,104	0	 
90,136	0	 
90,168	0	 
90,2	0	 
90,232	0	 
90,264	0	 
90,296	0	 
90,328	0	 
90,36	0	 
90,392	0	 
90,424	0	 
90,456	0	 
90,488	0	 
90,52	0	 
90,552	0	 
90,584	0	 
90,616	0	 
90,648	0	 
90,68	0	 
90,712	0	 
90,744	0	 
90,776	0	 
90,808	0	 
90,84	0	 
90,872	0	 
90,904	0	 
90,936	0	 
90,968	0	 
91	0	 
91,032	0	 
91,064	0	 
91,096	0	 
91,128	0	 
91,16	0	 
91,192	0	 
91,224	0	 
91,256	0	 
91,288	0	 
91,32	0	 
91,352	0	 
91,384	0	 
91,416	0	 
91,448	0	 
91,48	0	 
91,512	0	 
91,544	0	 
91,576	0	 
91,608	0	 
91,64	0	 
91,672	0	 
91,704	0	 
91,736	0	 
91,768	0	 
91,8	0	 
91,832	0	 
91,864	0	 
91,896	0	 
91,928	0	 
91,96	0	 
91,992	0	 
92,024	0	 
92,056	0	 
92,088	0	 
92,12	0	 
92,152	0	 
92,184	0	 
92,216	0	 
92,248	0	 
92,28	0	 
92,312	0	 
92,344	0	 
92,376	0	 
92,408	0	 
92,44	0	 
92,472	0	 
92,504	0	 
92,536	0	 
92,568	0	 
92,6	0	 
92,632	0	 
92,664	0	 
92,696	0	 
92,728	0	 
92,76	0	 
92,792	0	 
92,824	0	 
92,856	0	 
92,888	0	 
92,92	0	 
92,952	0	 
92,984	0	 
93,016	0	 
93,048	0	 
93,08	0	 
93,112	0	 
93,144	0	 
93,176	0	 
93,208	0	 
93,24	0	 
93,272	0	 
93,304	0	 
93,336	0	 
93,368	0	 
93,4	0	 
93,432	0	 
93,464	0	 
93,496	0	 
93,528	0	 
93,56	0	 
93,592	0	 
93,624	0	 
93,656	0	 
93,688	0	 
93,72	0	 
93,752	0	 
93,784	0	 
93,816	0	 
93,848	0	 
93,88	0	 
93,912	0	 
93,944	0	 
93,976	0	 
94,008	0	 
94,04	0	 
94,072	0	 
94,104	0	 
94,136	0	 
94,168	0	 
94,2	0	 
94,232	0	 
94,264	0	 
94,296	0	 
94,328	0	 
94,36	0	 
94,392	0	 
94,424	0	 
94,456	0	 
94,488	0	 
94,52	0	 
94,552	0	 
94,584	0	 
94,616	0	 
94,648	0	 
94,68	0	 
94,712	0	 
94,744	0	 
94,776	0	 
94,808	0	 
94,84	0	 
94,872	0	 
94,904	0	 
94,936	0	 
94,968	0	 
95	0	 
95,032	0	 
95,064	0	 
95,096	0	 
95,128	0	 
95,16	0	 
95,192	0	 
95,224	0	 
95,256	0	 
95,288	0	 
95,32	0	 
95,352	0	 
95,384	0	 
95,416	0	 
95,448	0	 
95,48	0	 
95,512	0	 
95,544	0	 
95,576	0	 
95,608	0	 
95,64	0	 
95,672	0	 
95,704	0	 
95,736	0	 
95,768	0	 
95,8	0	 
95,832	0	 
95,864	0	 
95,896	0	 
95,928	0	 
95,96	0	 
95,992	0	 
96,024	0	 
96,056	0	 
96,088	0	 
96,12	0	 
96,152	0	 
96,184	0	 
96,216	0	 
96,248	0	 
96,28	0	 
96,312	0	 
96,344	0	 
96,376	0	 
96,408	0	 
96,44	0	 
96,472	0	 
96,504	0	 
96,536	0	 
96,568	0	 
96,6	0	 
96,632	0	 
96,664	0	 
96,696	0	 
96,728	0	 
96,76	0	 
96,792	0	 
96,824	0	 
96,856	0	 
96,888	0	 
96,92	0	 
96,952	0	 
96,984	0	 
97,016	0	 
97,048	0	 
97,08	0	 
97,112	0	 
97,144	0	 
97,176	0	 
97,208	0	 
97,24	0	 
97,272	0	 
97,304	0	 
97,336	0	 
97,368	0	 
97,4	0	 
97,432	0	 
97,464	0	 
97,496	0	 
97,528	0	 
97,56	0	 
97,592	0	 
97,624	0	 
97,656	0	 
97,688	0	 
97,72	0	 
97,752	0	 
97,784	0	 
97,816	0	 
97,848	0	 
97,88	0	 
97,912	0	 
97,944	0	 
97,976	0	 
98,008	0	 
98,04	0	 
98,072	0	 
98,104	0	 
98,136	0	 
98,168	0	 
98,2	0	 
98,232	2	 
98,264	0	 
98,296	0	 
98,328	0	 
98,36	0	 
98,392	0	 
98,424	0	 
98,456	0	 
98,488	0	 
98,52	0	 
98,552	0	 
98,584	0	 
98,616	0	 
98,648	0	 
98,68	0	 
98,712	0	 
98,744	0	 
98,776	0	 
98,808	0	 
98,84	0	 
98,872	0	 
98,904	0	 
98,936	0	 
98,968	0	 
99	0	 
99,032	0	 
99,064	0	 
99,096	0	 
99,128	0	 
99,16	0	 
99,192	0	 
99,224	0	 
99,256	0	 
99,288	0	 
99,32	0	 
99,352	0	 
99,384	0	 
99,416	0	 
99,448	0	 
99,48	0	 
99,512	0	 
99,544	0	 
99,576	0	 
99,608	0	 
99,64	0	 
99,672	0	 
99,704	0	 
99,736	0	 
99,768	0	 
99,8	0	 
99,832	0	 
99,864	0	 
99,896	0	 
99,928	0	 
99,96	0	 
99,992	0	 
100,024	0	 
100,056	0	 
100,088	0	 
100,12	0	 
100,152	0	 
100,184	0	 
100,216	0	 
100,248	0	 
100,28	0	 
100,312	0	 
100,344	0	 
100,376	0	 
100,408	0	 
100,44	0	 
100,472	0	 
100,504	0	 
100,536	0	 
100,568	0	 
100,6	0	 
100,632	0	 
100,664	0	 
100,696	0	 
100,728	0	 
100,76	0	 
100,792	0	 
100,824	0	 
100,856	0	 
100,888	0	 
100,92	0	 
100,952	0	 
100,984	0	 
101,016	0	 
101,048	0	 
101,08	0	 
101,112	0	 
101,144	0	 
101,176	0	 
101,208	0	 
101,24	0	 
101,272	0	 
101,304	0	 
101,336	0	 
101,368	0	 
101,4	0	 
101,432	0	 
101,464	0	 
101,496	0	 
101,528	0	 
101,56	0	 
101,592	0	 
101,624	0	 
101,656	0	 
101,688	0	 
101,72	0	 
101,752	0	 
101,784	0	 
101,816	0	 
101,848	0	 
101,88	0	 
101,912	0	 
101,944	0	 
101,976	0	 
102,008	0	 
102,04	0	 
102,072	0	 
102,104	0	 
102,136	0	 
102,168	0	 
102,2	0	 
102,232	0	 
102,264	0	 
102,296	0	 
102,328	0	 
102,36	0	 
102,392	0	 
102,424	0	 
102,456	0	 
102,488	0	 
102,52	0	 
102,552	0	 
102,584	0	 
102,616	0	 
102,648	0	 
102,68	0	 
102,712	0	 
102,744	0	 
102,776	0	 
102,808	0	 
102,84	0	 
102,872	0	 
102,904	0	 
102,936	0	 
102,968	0	 
103	0	 
103,032	0	 
103,064	0	 
103,096	0	 
103,128	0	 
103,16	0	 
103,192	0	 
103,224	0	 
103,256	0	 
103,288	0	 
103,32	0	 
103,352	0	 
103,384	0	 
103,416	0	 
103,448	0	 
103,48	0	 
103,512	0	 
103,544	0	 
103,576	0	 
103,608	0	 
103,64	0	 
103,672	0	 
103,704	0	 
103,736	0	 
103,768	0	 
103,8	0	 
103,832	0	 
103,864	0	 
103,896	0	 
103,928	0	 
103,96	0	 
103,992	0	 
104,024	0	 
104,056	0	 
104,088	0	 
104,12	0	 
104,152	0	 
104,184	1	27
104,216	0	 
104,248	0	 
104,28	0	 
104,312	0	 
104,344	0	 
104,376	0	 
104,408	0	 
104,44	0	 
104,472	0	 
104,504	0	 
104,536	0	 
104,568	0	 
104,6	0	 
104,632	0	 
104,664	0	 
104,696	0	 
104,728	0	 
104,76	0	 
104,792	0	 
104,824	0	 
104,856	0	 
104,888	0	 
104,92	0	 
104,952	0	 
104,984	0	 
105,016	0	 
105,048	0	 
105,08	0	 
105,112	0	 
105,144	0	 
105,176	0	 
105,208	0	 
105,24	0	 
105,272	0	 
105,304	0	 
105,336	0	 
105,368	0	 
105,4	0	 
105,432	0	 
105,464	0	 
105,496	0	 
105,528	0	 
105,56	0	 
105,592	0	 
105,624	0	 
105,656	0	 
105,688	0	 
105,72	0	 
105,752	0	 
105,784	0	 
105,816	0	 
105,848	0	 
105,88	0	 
105,912	0	 
105,944	0	 
105,976	0	 
106,008	0	 
106,04	0	 
106,072	0	 
106,104	0	 
106,136	0	 
106,168	0	 
106,2	0	 
106,232	0	 
106,264	0	 
106,296	0	 
106,328	0	 
106,36	0	 
106,392	0	 
106,424	0	 
106,456	0	 
106,488	0	 
106,52	0	 
106,552	0	 
106,584	0	 
106,616	0	 
106,648	0	 
106,68	0	 
106,712	0	 
106,744	0	 
106,776	0	 
106,808	0	 
106,84	0	 
106,872	0	 
106,904	0	 
106,936	0	 
106,968	0	 
107	0	 
107,032	0	 
107,064	0	 
107,096	0	 
107,128	0	 
107,16	0	 
107,192	0	 
107,224	0	 
107,256	0	 
107,288	0	 
107,32	0	 
107,352	0	 
107,384	0	 
107,416	0	 
107,448	0	 
107,48	0	 
107,512	0	 
107,544	0	 
107,576	0	 
107,608	0	 
107,64	0	 
107,672	0	 
107,704	0	 
107,736	0	 
107,768	0	 
107,8	0	 
107,832	0	 
107,864	0	 
107,896	0	 
107,928	0	 
107,96	0	 
107,992	0	 
108,024	0	 
108,056	0	 
108,088	0	 
108,12	0	 
108,152	0	 
108,184	0	 
108,216	0	 
108,248	0	 
108,28	0	 
108,312	0	 
108,344	0	 
108,376	0	 
108,408	0	 
108,44	0	 
108,472	0	 
108,504	0	 
108,536	0	 
108,568	0	 
108,6	0	 
108,632	0	 
108,664	0	 
108,696	0	 
108,728	0	 
108,76	0	 
108,792	0	 
108,824	0	 
108,856	0	 
108,888	0	 
108,92	0	 
108,952	0	 
108,984	0	 
109,016	0	 
109,048	0	 
109,08	0	 
109,112	0	 
109,144	0	 
109,176	0	 
109,208	0	 
109,24	0	 
109,272	0	 
109,304	0	 
109,336	0	 
109,368	0	 
109,4	0	 
109,432	0	 
109,464	0	 
109,496	0	 
109,528	0	 
109,56	0	 
109,592	0	 
109,624	0	 
109,656	0	 
109,688	0	 
109,72	0	 
109,752	0	 
109,784	0	 
109,816	0	 
109,848	0	 
109,88	0	 
109,912	0	 
109,944	0	 
109,976	0	 
110,008	0	 
110,04	0	 
110,072	0	 
110,104	0	 
110,136	0	 
110,168	0	 
110,2	0	 
110,232	0	 
110,264	0	 
110,296	0	 
110,328	0	 
110,36	0	 
110,392	0	 
110,424	0	 
110,456	0	 
110,488	0	 
110,52	0	 
110,552	0	 
110,584	0	 
110,616	0	 
110,648	0	 
110,68	0	 
110,712	0	 
110,744	0	 
110,776	0	 
110,808	0	 
110,84	0	 
110,872	0	 
110,904	0	 
110,936	0	 
110,968	0	 
111	0	 
111,032	0	 
111,064	0	 
111,096	0	 
111,128	0	 
111,16	0	 
111,192	0	 
111,224	0	 
111,256	0	 
111,288	0	 
111,32	0	 
111,352	0	 
111,384	0	 
111,416	0	 
111,448	0	 
111,48	0	 
111,512	0	 
111,544	0	 
111,576	0	 
111,608	0	 
111,64	0	 
111,672	0	 
111,704	0	 
111,736	0	 
111,768	0	 
111,8	0	 
111,832	0	 
111,864	0	 
111,896	0	 
111,928	0	 
111,96	0	 
111,992	0	 
112,024	0	 
112,056	0	 
112,088	0	 
112,12	0	 
112,152	0	 
112,184	0	 
112,216	0	 
112,248	0	 
112,28	0	 
112,312	0	 
112,344	0	 
112,376	0	 
112,408	0	 
112,44	0	 
112,472	0	 
112,504	0	 
112,536	0	 
112,568	0	 
112,6	0	 
112,632	0	 
112,664	0	 
112,696	0	 
112,728	0	 
112,76	0	 
112,792	0	 
112,824	0	 
112,856	0	 
112,888	0	 
112,92	0	 
112,952	0	 
112,984	0	 
113,016	0	 
113,048	0	 
113,08	0	 
113,112	0	 
113,144	0	 
113,176	0	 
113,208	0	 
113,24	0	 
113,272	0	 
113,304	0	 
113,336	0	 
113,368	0	 
113,4	0	 
113,432	0	 
113,464	0	 
113,496	0	 
113,528	0	 
113,56	0	 
113,592	0	 
113,624	0	 
113,656	0	 
113,688	0	 
113,72	0	 
113,752	0	 
113,784	0	 
113,816	0	 
113,848	0	 
113,88	0	 
113,912	0	 
113,944	0	 
113,976	0	 
114,008	0	 
114,04	0	 
114,072	0	 
114,104	0	 
114,136	0	 
114,168	0	 
114,2	0	 
114,232	0	 
114,264	0	 
114,296	0	 
114,328	0	 
114,36	0	 
114,392	0	 
114,424	0	 
114,456	0	 
114,488	0	 
114,52	0	 
114,552	0	 
114,584	0	 
114,616	0	 
114,648	0	 
114,68	0	 
114,712	0	 
114,744	0	 
114,776	0	 
114,808	0	 
114,84	0	 
114,872	0	 
114,904	0	 
114,936	0	 
114,968	0	 
115	0	 
115,032	0	 
115,064	0	 
115,096	0	 
115,128	0	 
115,16	0	 
115,192	0	 
115,224	0	 
115,256	0	 
115,288	0	 
115,32	0	 
115,352	0	 
115,384	0	 
115,416	0	 
115,448	0	 
115,48	0	 
115,512	0	 
115,544	0	 
115,576	0	 
115,608	0	 
115,64	0	 
115,672	0	 
115,704	0	 
115,736	0	 
115,768	0	 
115,8	0	 
115,832	0	 
115,864	0	 
115,896	0	 
115,928	0	 
115,96	0	 
115,992	0	 
116,024	0	 
116,056	0	 
116,088	0	 
116,12	0	 
116,152	0	 
116,184	0	 
116,216	0	 
116,248	0	 
116,28	0	 
116,312	0	 
116,344	0	 
116,376	0	 
116,408	0	 
116,44	0	 
116,472	0	 
116,504	0	 
116,536	0	 
116,568	0	 
116,6	0	 
116,632	0	 
116,664	0	 
116,696	0	 
116,728	0	 
116,76	0	 
116,792	0	 
116,824	0	 
116,856	0	 
116,888	0	 
116,92	0	 
116,952	0	 
116,984	0	 
117,016	0	 
117,048	0	 
117,08	0	 
117,112	0	 
117,144	0	 
117,176	0	 
117,208	0	 
117,24	0	 
117,272	0	 
117,304	0	 
117,336	0	 
117,368	0	 
117,4	0	 
117,432	0	 
117,464	0	 
117,496	0	 
117,528	0	 
117,56	0	 
117,592	0	 
117,624	0	 
117,656	0	 
117,688	1	13,504
117,72	0	 
117,752	0	 
117,784	0	 
117,816	0	 
117,848	0	 
117,88	0	 
117,912	0	 
117,944	0	 
117,976	0	 
118,008	0	 
118,04	0	 
118,072	0	 
118,104	0	 
118,136	0	 
118,168	0	 
118,2	0	 
118,232	0	 
118,264	0	 
118,296	0	 
118,328	0	 
118,36	0	 
118,392	0	 
118,424	0	 
118,456	0	 
118,488	0	 
118,52	0	 
118,552	0	 
118,584	0	 
118,616	0	 
118,648	0	 
118,68	0	 
118,712	0	 
118,744	0	 
118,776	0	 
118,808	0	 
118,84	0	 
118,872	0	 
118,904	0	 
118,936	0	 
118,968	0	 
119	0	 
119,032	0	 
119,064	0	 
119,096	0	 
119,128	0	 
119,16	0	 
119,192	0	 
119,224	0	 
119,256	0	 
119,288	0	 
119,32	0	 
119,352	0	 
119,384	0	 
119,416	0	 
119,448	0	 
119,48	0	 
119,512	0	 
119,544	0	 
119,576	0	 
119,608	0	 
119,64	0	 
119,672	0	 
119,704	0	 
119,736	0	 
119,768	0	 
119,8	0	 
119,832	0	 
119,864	0	 
119,896	0	 
119,928	0	 
119,96	0	 
119,992	0	 
120,024	0	 
120,056	0	 
120,088	1	2,4
120,12	0	 
120,152	0	 
120,184	0	 
120,216	0	 
120,248	0	 
120,28	0	 
120,312	0	 
120,344	0	 
120,376	0	 
120,408	0	 
120,44	0	 
120,472	0	 
120,504	0	 
120,536	0	 
120,568	0	 
120,6	0	 
120,632	0	 
120,664	0	 
120,696	0	 
120,728	0	 
120,76	0	 
120,792	0	 
120,824	0	 
120,856	0	 
120,888	0	 
120,92	0	 
120,952	0	 
120,984	1	0,896000000001
121,016	0	 
121,048	0	 
121,08	0	 
121,112	0	 
121,144	0	 
121,176	0	 
121,208	0	 
121,24	0	 
121,272	0	 
121,304	0	 
121,336	0	 
121,368	0	 
121,4	0	 
121,432	0	 
121,464	0	 
121,496	0	 
121,528	0	 
121,56	0	 
121,592	0	 
121,624	0	 
121,656	0	 
121,688	0	 
121,72	0	 
121,752	0	 
121,784	0	 
121,816	0	 
121,848	0	 
121,88	0	 
121,912	0	 
121,944	0	 
121,976	0	 
122,008	0	 
122,04	0	 
122,072	0	 
122,104	0	 
122,136	0	 
122,168	0	 
122,2	0	 
122,232	0	 
122,264	0	 
122,296	0	 
122,328	0	 
122,36	0	 
122,392	0	 
122,424	1	1,44
122,456	0	 
122,488	0	 
122,52	0	 
122,552	0	 
122,584	0	 
122,616	0	 
122,648	0	 
122,68	0	 
122,712	0	 
122,744	0	 
122,776	0	 
122,808	0	 
122,84	0	 
122,872	0	 
122,904	0	 
122,936	0	 
122,968	0	 
123	0	 
123,032	0	 
123,064	0	 
123,096	0	 
123,128	0	 
123,16	0	 
123,192	0	 
123,224	0	 
123,256	0	 
123,288	0	 
123,32	0	 
123,352	0	 
123,384	0	 
123,416	0	 
123,448	0	 
123,48	0	 
123,512	0	 
123,544	0	 
123,576	0	 
123,608	0	 
123,64	0	 
123,672	0	 
123,704	0	 
123,736	0	 
123,768	0	 
123,8	0	 
123,832	0	 
123,864	0	 
123,896	0	 
123,928	0	 
123,96	0	 
123,992	0	 
124,024	0	 
124,056	0	 
124,088	0	 
124,12	0	 
124,152	0	 
124,184	0	 
124,216	0	 
124,248	0	 
124,28	0	 
124,312	0	 
124,344	0	 
124,376	0	 
124,408	0	 
124,44	0	 
124,472	0	 
124,504	0	 
124,536	0	 
124,568	0	 
124,6	0	 
124,632	0	 
124,664	0	 
124,696	0	 
124,728	0	 
124,76	0	 
124,792	0	 
124,824	0	 
124,856	0	 
124,888	0	 
124,92	0	 
124,952	0	 
124,984	0	 
125,016	0	 
125,048	0	 
125,08	0	 
125,112	0	 
125,144	0	 
125,176	0	 
125,208	0	 
125,24	0	 
125,272	0	 
125,304	0	 
125,336	0	 
125,368	0	 
125,4	0	 
125,432	0	 
125,464	0	 
125,496	0	 
125,528	0	 
125,56	0	 
125,592	0	 
125,624	0	 
125,656	0	 
125,688	0	 
125,72	0	 
125,752	0	 
125,784	0	 
125,816	0	 
125,848	0	 
125,88	0	 
125,912	0	 
125,944	0	 
125,976	0	 
126,008	0	 
126,04	0	 
126,072	0	 
126,104	0	 
126,136	0	 
126,168	0	 
126,2	0	 
126,232	0	 
126,264	0	 
126,296	0	 
126,328	0	 
126,36	0	 
126,392	0	 
126,424	0	 
126,456	0	 
126,488	0	 
126,52	0	 
126,552	0	 
126,584	0	 
126,616	0	 
126,648	0	 
126,68	0	 
126,712	0	 
126,744	0	 
126,776	0	 
126,808	0	 
126,84	0	 
126,872	0	 
126,904	0	 
126,936	0	 
126,968	0	 
127	0	 
127,032	0	 
127,064	0	 
127,096	0	 
127,128	0	 
127,16	0	 
127,192	0	 
127,224	0	 
127,256	0	 
127,288	0	 
127,32	0	 
127,352	0	 
127,384	0	 
127,416	0	 
127,448	0	 
127,48	0	 
127,512	0	 
127,544	0	 
127,576	0	 
127,608	0	 
127,64	0	 
127,672	0	 
127,704	0	 
127,736	0	 
127,768	0	 
127,8	0	 
127,832	0	 
127,864	0	 
127,896	0	 
127,928	0	 
127,96	0	 
127,992	0	 
128,024	0	 
128,056	0	 
128,088	0	 
128,12	0	 
128,152	0	 
128,184	0	 
128,216	0	 
128,248	0	 
128,28	0	 
128,312	0	 
128,344	0	 
128,376	0	 
128,408	0	 
128,44	0	 
128,472	0	 
128,504	0	 
128,536	0	 
128,568	0	 
128,6	0	 
128,632	0	 
128,664	0	 
128,696	0	 
128,728	0	 
128,76	0	 
128,792	0	 
128,824	0	 
128,856	0	 
128,888	0	 
128,92	0	 
128,952	0	 
128,984	0	 
129,016	0	 
129,048	0	 
129,08	0	 
129,112	0	 
129,144	0	 
129,176	0	 
129,208	0	 
129,24	0	 
129,272	0	 
129,304	0	 
129,336	0	 
129,368	0	 
129,4	0	 
129,432	0	 
129,464	0	 
129,496	0	 
129,528	0	 
129,56	0	 
129,592	0	 
129,624	0	 
129,656	0	 
129,688	0	 
129,72	0	 
129,752	0	 
129,784	0	 
129,816	0	 
129,848	0	 
129,88	0	 
129,912	0	 
129,944	0	 
129,976	0	 
130,008	0	 
130,04	0	 
130,072	0	 
130,104	0	 
130,136	0	 
130,168	1	7,744
130,2	0	 
130,232	0	 
130,264	0	 
130,296	0	 
130,328	0	 
130,36	0	 
130,392	0	 
130,424	0	 
130,456	0	 
130,488	0	 
130,52	0	 
130,552	0	 
130,584	0	 
130,616	0	 
130,648	0	 
130,68	0	 
130,712	0	 
130,744	0	 
130,776	0	 
130,808	0	 
130,84	0	 
130,872	0	 
130,904	0	 
130,936	0	 
130,968	0	 
131	0	 
131,032	0	 
131,064	0	 
131,096	0	 
131,128	0	 
131,16	0	 
131,192	0	 
131,224	0	 
131,256	0	 
131,288	0	 
131,32	0	 
131,352	0	 
131,384	0	 
131,416	0	 
131,448	0	 
131,48	0	 
131,512	0	 
131,544	0	 
131,576	0	 
131,608	0	 
131,64	1	1,472
131,672	0	 
131,704	0	 
131,736	0	 
131,768	0	 
131,8	0	 
131,832	0	 
131,864	0	 
131,896	0	 
131,928	0	 
131,96	0	 
131,992	0	 
132,024	0	 
132,056	0	 
132,088	0	 
132,12	0	 
132,152	0	 
132,184	0	 
132,216	0	 
132,248	0	 
132,28	0	 
132,312	0	 
132,344	0	 
132,376	0	 
132,408	0	 
132,44	0	 
132,472	0	 
132,504	0	 
132,536	0	 
132,568	0	 
132,6	0	 
132,632	0	 
132,664	0	 
132,696	0	 
132,728	0	 
132,76	0	 
132,792	0	 
132,824	0	 
132,856	0	 
132,888	0	 
132,92	0	 
132,952	0	 
132,984	0	 
133,016	0	 
133,048	0	 
133,08	0	 
133,112	0	 
133,144	0	 
133,176	0	 
133,208	0	 
133,24	0	 
133,272	0	 
133,304	0	 
133,336	0	 
133,368	0	 
133,4	0	 
133,432	0	 
133,464	0	 
133,496	0	 
133,528	0	 
133,56	0	 
133,592	0	 
133,624	0	 
133,656	0	 
133,688	0	 
133,72	0	 
133,752	0	 
133,784	0	 
133,816	0	 
133,848	0	 
133,88	0	 
133,912	0	 
133,944	0	 
133,976	0	 
134,008	0	 
134,04	0	 
134,072	0	 
134,104	0	 
134,136	0	 
134,168	0	 
134,2	0	 
134,232	0	 
134,264	0	 
134,296	0	 
134,328	0	 
134,36	0	 
134,392	0	 
134,424	0	 
134,456	0	 
134,488	0	 
134,52	0	 
134,552	0	 
134,584	0	 
134,616	0	 
134,648	0	 
134,68	0	 
134,712	0	 
134,744	0	 
134,776	0	 
134,808	0	 
134,84	0	 
134,872	0	 
134,904	0	 
134,936	0	 
134,968	0	 
135	0	 
135,032	0	 
135,064	0	 
135,096	0	 
135,128	0	 
135,16	0	 
135,192	0	 
135,224	0	 
135,256	0	 
135,288	0	 
135,32	0	 
135,352	0	 
135,384	0	 
135,416	0	 
135,448	0	 
135,48	0	 
135,512	0	 
135,544	0	 
135,576	0	 
135,608	0	 
135,64	0	 
135,672	0	 
135,704	0	 
135,736	0	 
135,768	0	 
135,8	0	 
135,832	0	 
135,864	0	 
135,896	0	 
135,928	0	 
135,96	0	 
135,992	0	 
136,024	0	 
136,056	0	 
136,088	0	 
136,12	0	 
136,152	0	 
136,184	0	 
136,216	0	 
136,248	0	 
136,28	0	 
136,312	0	 
136,344	0	 
136,376	0	 
136,408	0	 
136,44	0	 
136,472	0	 
136,504	0	 
136,536	0	 
136,568	0	 
136,6	0	 
136,632	0	 
136,664	0	 
136,696	0	 
136,728	0	 
136,76	0	 
136,792	0	 
136,824	0	 
136,856	0	 
136,888	0	 
136,92	0	 
136,952	0	 
136,984	0	 
137,016	0	 
137,048	0	 
137,08	0	 
137,112	0	 
137,144	0	 
137,176	0	 
137,208	0	 
137,24	0	 
137,272	0	 
137,304	0	 
137,336	0	 
137,368	0	 
137,4	0	 
137,432	0	 
137,464	0	 
137,496	0	 
137,528	0	 
137,56	0	 
137,592	0	 
137,624	0	 
137,656	0	 
137,688	0	 
137,72	0	 
137,752	0	 
137,784	0	 
137,816	0	 
137,848	0	 
137,88	0	 
137,912	0	 
137,944	0	 
137,976	0	 
138,008	0	 
138,04	0	 
138,072	0	 
138,104	0	 
138,136	0	 
138,168	0	 
138,2	0	 
138,232	0	 
138,264	0	 
138,296	0	 
138,328	0	 
138,36	0	 
138,392	0	 
138,424	0	 
138,456	0	 
138,488	0	 
138,52	0	 
138,552	0	 
138,584	0	 
138,616	0	 
138,648	0	 
138,68	0	 
138,712	0	 
138,744	0	 
138,776	0	 
138,808	0	 
138,84	0	 
138,872	0	 
138,904	0	 
138,936	0	 
138,968	0	 
139	0	 
139,032	0	 
139,064	0	 
139,096	0	 
139,128	0	 
139,16	0	 
139,192	0	 
139,224	0	 
139,256	0	 
139,288	0	 
139,32	0	 
139,352	0	 
139,384	0	 
139,416	0	 
139,448	0	 
139,48	0	 
139,512	0	 
139,544	0	 
139,576	0	 
139,608	0	 
139,64	0	 
139,672	0	 
139,704	0	 
139,736	0	 
139,768	0	 
139,8	0	 
139,832	0	 
139,864	0	 
139,896	0	 
139,928	0	 
139,96	0	 
139,992	0	 
140,024	0	 
140,056	0	 
140,088	0	 
140,12	0	 
140,152	0	 
140,184	0	 
140,216	0	 
140,248	0	 
140,28	0	 
140,312	0	 
140,344	0	 
140,376	0	 
140,408	0	 
140,44	0	 
140,472	0	 
140,504	0	 
140,536	0	 
140,568	0	 
140,6	0	 
140,632	0	 
140,664	0	 
140,696	0	 
140,728	0	 
140,76	0	 
140,792	0	 
140,824	0	 
140,856	0	 
140,888	0	 
140,92	0	 
140,952	0	 
140,984	0	 
141,016	0	 
141,048	0	 
141,08	0	 
141,112	0	 
141,144	0	 
141,176	0	 
141,208	0	 
141,24	0	 
141,272	0	 
141,304	0	 
141,336	0	 
141,368	0	 
141,4	0	 
141,432	0	 
141,464	0	 
141,496	0	 
141,528	0	 
141,56	0	 
141,592	0	 
141,624	0	 
141,656	0	 
141,688	0	 
141,72	0	 
141,752	0	 
141,784	0	 
141,816	0	 
141,848	0	 
141,88	0	 
141,912	0	 
141,944	0	 
141,976	0	 
142,008	0	 
142,04	0	 
142,072	0	 
142,104	0	 
142,136	0	 
142,168	0	 
142,2	0	 
142,232	0	 
142,264	0	 
142,296	0	 
142,328	0	 
142,36	0	 
142,392	0	 
142,424	0	 
142,456	0	 
142,488	0	 
142,52	0	 
142,552	0	 
142,584	0	 
142,616	0	 
142,648	0	 
142,68	0	 
142,712	0	 
142,744	0	 
142,776	0	 
142,808	0	 
142,84	0	 
142,872	0	 
142,904	0	 
142,936	0	 
142,968	0	 
143	0	 
143,032	0	 
143,064	0	 
143,096	0	 
143,128	0	 
143,16	0	 
143,192	0	 
143,224	0	 
143,256	0	 
143,288	0	 
143,32	0	 
143,352	0	 
143,384	0	 
143,416	0	 
143,448	0	 
143,48	0	 
143,512	0	 
143,544	0	 
143,576	0	 
143,608	0	 
143,64	0	 
143,672	0	 
143,704	0	 
143,736	0	 
143,768	0	 
143,8	0	 
143,832	0	 
143,864	0	 
143,896	0	 
143,928	0	 
143,96	0	 
143,992	0	 
144,024	0	 
144,056	0	 
144,088	0	 
144,12	0	 
144,152	0	 
144,184	0	 
144,216	0	 
144,248	0	 
144,28	0	 
144,312	0	 
144,344	0	 
144,376	0	 
144,408	0	 
144,44	0	 
144,472	0	 
144,504	0	 
144,536	0	 
144,568	0	 
144,6	0	 
144,632	0	 
144,664	0	 
144,696	0	 
144,728	0	 
144,76	0	 
144,792	0	 
144,824	0	 
144,856	0	 
144,888	0	 
144,92	0	 
144,952	0	 
144,984	0	 
145,016	0	 
145,048	0	 
145,08	0	 
145,112	0	 
145,144	0	 
145,176	0	 
145,208	0	 
145,24	0	 
145,272	0	 
145,304	0	 
145,336	0	 
145,368	0	 
145,4	0	 
145,432	0	 
145,464	0	 
145,496	0	 
145,528	0	 
145,56	0	 
145,592	0	 
145,624	0	 
145,656	0	 
145,688	0	 
145,72	0	 
145,752	0	 
145,784	0	 
145,816	0	 
145,848	0	 
145,88	0	 
145,912	0	 
145,944	0	 
145,976	0	 
146,008	0	 
146,04	0	 
146,072	0	 
146,104	0	 
146,136	0	 
146,168	0	 
146,2	0	 
146,232	0	 
146,264	0	 
146,296	0	 
146,328	0	 
146,36	0	 
146,392	0	 
146,424	0	 
146,456	0	 
146,488	0	 
146,52	0	 
146,552	0	 
146,584	0	 
146,616	0	 
146,648	0	 
146,68	0	 
146,712	0	 
146,744	0	 
146,776	0	 
146,808	0	 
146,84	0	 
146,872	0	 
146,904	0	 
146,936	0	 
146,968	0	 
147	0	 
147,032	0	 
147,064	0	 
147,096	0	 
147,128	0	 
147,16	0	 
147,192	0	 
147,224	0	 
147,256	0	 
147,288	0	 
147,32	0	 
147,352	0	 
147,384	0	 
147,416	0	 
147,448	0	 
147,48	0	 
147,512	0	 
147,544	0	 
147,576	0	 
147,608	0	 
147,64	0	 
147,672	0	 
147,704	0	 
147,736	0	 
147,768	0	 
147,8	0	 
147,832	0	 
147,864	0	 
147,896	0	 
147,928	0	 
147,96	0	 
147,992	0	 
148,024	0	 
148,056	0	 
148,088	0	 
148,12	0	 
148,152	0	 
148,184	0	 
148,216	0	 
148,248	0	 
148,28	0	 
148,312	0	 
148,344	0	 
148,376	0	 
148,408	0	 
148,44	0	 
148,472	0	 
148,504	0	 
148,536	0	 
148,568	0	 
148,6	0	 
148,632	0	 
148,664	0	 
148,696	0	 
148,728	0	 
148,76	0	 
148,792	0	 
148,824	0	 
148,856	0	 
148,888	0	 
148,92	0	 
148,952	0	 
148,984	0	 
149,016	0	 
149,048	0	 
149,08	0	 
149,112	0	 
149,144	0	 
149,176	0	 
149,208	0	 
149,24	0	 
149,272	0	 
149,304	0	 
149,336	0	 
149,368	0	 
149,4	0	 
149,432	0	 
149,464	0	 
149,496	0	 
149,528	0	 
149,56	0	 
149,592	0	 
149,624	0	 
149,656	0	 
149,688	0	 
149,72	0	 
149,752	0	 
149,784	0	 
149,816	0	 
149,848	0	 
149,88	0	 
149,912	0	 
149,944	0	 
149,976	0	 
150,008	0	 
150,04	0	 
150,072	0	 
150,104	0	 
150,136	0	 
150,168	0	 
150,2	0	 
150,232	0	 
150,264	0	 
150,296	0	 
150,328	0	 
150,36	0	 
150,392	0	 
150,424	0	 
150,456	0	 
150,488	0	 
150,52	0	 
150,552	0	 
150,584	0	 
150,616	0	 
150,648	0	 
150,68	0	 
150,712	0	 
150,744	0	 
150,776	0	 
150,808	0	 
150,84	0	 
150,872	0	 
150,904	0	 
150,936	0	 
150,968	0	 
151	0	 
151,032	0	 
151,064	0	 
151,096	0	 
151,128	0	 
151,16	0	 
151,192	0	 
151,224	0	 
151,256	0	 
151,288	0	 
151,32	0	 
151,352	0	 
151,384	0	 
151,416	0	 
151,448	0	 
151,48	0	 
151,512	0	 
151,544	0	 
151,576	0	 
151,608	0	 
151,64	0	 
151,672	0	 
151,704	0	 
151,736	0	 
151,768	0	 
151,8	0	 
151,832	0	 
151,864	0	 
151,896	0	 
151,928	0	 
151,96	0	 
151,992	0	 
152,024	0	 
152,056	0	 
152,088	0	 
152,12	0	 
152,152	0	 
152,184	0	 
152,216	0	 
152,248	0	 
152,28	0	 
152,312	0	 
152,344	0	 
152,376	0	 
152,408	0	 
152,44	0	 
152,472	0	 
152,504	0	 
152,536	0	 
152,568	1	20,928
152,6	0	 
152,632	0	 
152,664	0	 
152,696	0	 
152,728	0	 
152,76	0	 
152,792	0	 
152,824	0	 
152,856	0	 
152,888	0	 
152,92	0	 
152,952	0	 
152,984	0	 
153,016	0	 
153,048	0	 
153,08	0	 
153,112	0	 
153,144	0	 
153,176	0	 
153,208	0	 
153,24	0	 
153,272	0	 
153,304	0	 
153,336	0	 
153,368	0	 
153,4	0	 
153,432	0	 
153,464	0	 
153,496	0	 
153,528	0	 
153,56	0	 
153,592	0	 
153,624	0	 
153,656	0	 
153,688	0	 
153,72	0	 
153,752	0	 
153,784	0	 
153,816	0	 
153,848	0	 
153,88	0	 
153,912	0	 
153,944	0	 
153,976	0	 
154,008	0	 
154,04	0	 
154,072	0	 
154,104	0	 
154,136	0	 
154,168	0	 
154,2	0	 
154,232	0	 
154,264	0	 
154,296	0	 
154,328	0	 
154,36	0	 
154,392	0	 
154,424	0	 
154,456	0	 
154,488	0	 
154,52	0	 
154,552	0	 
154,584	0	 
154,616	0	 
154,648	0	 
154,68	0	 
154,712	0	 
154,744	0	 
154,776	0	 
154,808	0	 
154,84	0	 
154,872	0	 
154,904	0	 
154,936	0	 
154,968	0	 
155	0	 
155,032	0	 
155,064	0	 
155,096	0	 
155,128	0	 
155,16	0	 
155,192	0	 
155,224	0	 
155,256	0	 
155,288	0	 
155,32	0	 
155,352	0	 
155,384	0	 
155,416	0	 
155,448	0	 
155,48	0	 
155,512	0	 
155,544	0	 
155,576	0	 
155,608	0	 
155,64	0	 
155,672	0	 
155,704	0	 
155,736	0	 
155,768	0	 
155,8	0	 
155,832	0	 
155,864	0	 
155,896	0	 
155,928	0	 
155,96	0	 
155,992	0	 
156,024	0	 
156,056	0	 
156,088	0	 
156,12	0	 
156,152	0	 
156,184	0	 
156,216	0	 
156,248	0	 
156,28	0	 
156,312	0	 
156,344	0	 
156,376	0	 
156,408	0	 
156,44	0	 
156,472	0	 
156,504	0	 
156,536	0	 
156,568	0	 
156,6	0	 
156,632	0	 
156,664	0	 
156,696	0	 
156,728	0	 
156,76	0	 
156,792	0	 
156,824	0	 
156,856	0	 
156,888	0	 
156,92	0	 
156,952	0	 
156,984	0	 
157,016	0	 
157,048	0	 
157,08	0	 
157,112	0	 
157,144	0	 
157,176	0	 
157,208	0	 
157,24	0	 
157,272	0	 
157,304	0	 
157,336	0	 
157,368	0	 
157,4	0	 
157,432	0	 
157,464	0	 
157,496	0	 
157,528	0	 
157,56	0	 
157,592	0	 
157,624	0	 
157,656	0	 
157,688	0	 
157,72	0	 
157,752	0	 
157,784	0	 
157,816	0	 
157,848	0	 
157,88	0	 
157,912	0	 
157,944	0	 
157,976	0	 
158,008	0	 
158,04	0	 
158,072	0	 
158,104	0	 
158,136	0	 
158,168	0	 
158,2	0	 
158,232	0	 
158,264	0	 
158,296	0	 
158,328	0	 
158,36	0	 
158,392	0	 
158,424	0	 
158,456	0	 
158,488	0	 
158,52	0	 
158,552	0	 
158,584	0	 
158,616	0	 
158,648	0	 
158,68	0	 
158,712	0	 
158,744	0	 
158,776	0	 
158,808	0	 
158,84	0	 
158,872	0	 
158,904	0	 
158,936	0	 
158,968	0	 
159	0	 
159,032	0	 
159,064	0	 
159,096	0	 
159,128	0	 
159,16	0	 
159,192	0	 
159,224	0	 
159,256	0	 
159,288	0	 
159,32	0	 
159,352	0	 
159,384	0	 
159,416	1	6,84799999998
159,448	0	 
159,48	0	 
159,512	0	 
159,544	0	 
159,576	0	 
159,608	0	 
159,64	0	 
159,672	0	 
159,704	0	 
159,736	0	 
159,768	0	 
159,8	0	 
159,832	0	 
159,864	0	 
159,896	0	 
159,928	0	 
159,96	0	 
159,992	0	 
160,024	0	 
160,056	0	 
160,088	0	 
160,12	0	 
160,152	0	 
160,184	0	 
160,216	0	 
160,248	0	 
160,28	0	 
160,312	0	 
160,344	0	 
160,376	0	 
160,408	0	 
160,44	0	 
160,472	0	 
160,504	0	 
160,536	0	 
160,568	0	 
160,6	0	 
160,632	0	 
160,664	0	 
160,696	0	 
160,728	0	 
160,76	0	 
160,792	0	 
160,824	0	 
160,856	0	 
160,888	0	 
160,92	0	 
160,952	0	 
160,984	0	 
161,016	0	 
161,048	0	 
161,08	0	 
161,112	0	 
161,144	0	 
161,176	0	 
161,208	0	 
161,24	0	 
161,272	0	 
161,304	0	 
161,336	0	 
161,368	0	 
161,4	0	 
161,432	0	 
161,464	0	 
161,496	0	 
161,528	0	 
161,56	0	 
161,592	0	 
161,624	0	 
161,656	0	 
161,688	0	 
161,72	0	 
161,752	0	 
161,784	0	 
161,816	0	 
161,848	0	 
161,88	0	 
161,912	0	 
161,944	0	 
161,976	0	 
162,008	0	 
162,04	0	 
162,072	0	 
162,104	0	 
162,136	0	 
162,168	0	 
162,2	0	 
162,232	0	 
162,264	0	 
162,296	0	 
162,328	0	 
162,36	0	 
162,392	0	 
162,424	0	 
162,456	0	 
162,488	0	 
162,52	0	 
162,552	0	 
162,584	0	 
162,616	0	 
162,648	0	 
162,68	0	 
162,712	0	 
162,744	0	 
162,776	0	 
162,808	0	 
162,84	0	 
162,872	0	 
162,904	0	 
162,936	0	 
162,968	0	 
163	0	 
163,032	0	 
163,064	0	 
163,096	0	 
163,128	0	 
163,16	0	 
163,192	0	 
163,224	0	 
163,256	0	 
163,288	0	 
163,32	0	 
163,352	0	 
163,384	0	 
163,416	0	 
163,448	0	 
163,48	0	 
163,512	0	 
163,544	0	 
163,576	0	 
163,608	0	 
163,64	0	 
163,672	0	 
163,704	0	 
163,736	0	 
163,768	0	 
163,8	0	 
163,832	0	 
163,864	0	 
163,896	0	 
163,928	0	 
163,96	0	 
163,992	0	 
164,024	0	 
164,056	0	 
164,088	0	 
164,12	0	 
164,152	0	 
164,184	0	 
164,216	0	 
164,248	0	 
164,28	0	 
164,312	0	 
164,344	0	 
164,376	0	 
164,408	0	 
164,44	0	 
164,472	0	 
164,504	0	 
164,536	0	 
164,568	0	 
164,6	0	 
164,632	0	 
164,664	0	 
164,696	0	 
164,728	0	 
164,76	0	 
164,792	0	 
164,824	0	 
164,856	0	 
164,888	0	 
164,92	0	 
164,952	0	 
164,984	0	 
165,016	0	 
165,048	0	 
165,08	0	 
165,112	0	 
165,144	0	 
165,176	0	 
165,208	0	 
165,24	0	 
165,272	0	 
165,304	0	 
165,336	0	 
165,368	0	 
165,4	0	 
165,432	0	 
165,464	0	 
165,496	0	 
165,528	0	 
165,56	0	 
165,592	0	 
165,624	0	 
165,656	0	 
165,688	0	 
165,72	0	 
165,752	0	 
165,784	0	 
165,816	0	 
165,848	1	6,43199999999
165,88	0	 
165,912	0	 
165,944	0	 
165,976	0	 
166,008	0	 
166,04	0	 
166,072	0	 
166,104	0	 
166,136	0	 
166,168	0	 
166,2	0	 
166,232	0	 
166,264	0	 
166,296	0	 
166,328	0	 
166,36	0	 
166,392	0	 
166,424	0	 
166,456	0	 
166,488	0	 
166,52	0	 
166,552	0	 
166,584	0	 
166,616	0	 
166,648	0	 
166,68	0	 
166,712	0	 
166,744	0	 
166,776	0	 
166,808	0	 
166,84	0	 
166,872	0	 
166,904	0	 
166,936	0	 
166,968	0	 
167	0	 
167,032	0	 
167,064	0	 
167,096	0	 
167,128	0	 
167,16	0	 
167,192	0	 
167,224	0	 
167,256	0	 
167,288	0	 
167,32	0	 
167,352	0	 
167,384	0	 
167,416	0	 
167,448	0	 
167,48	0	 
167,512	0	 
167,544	0	 
167,576	0	 
167,608	0	 
167,64	0	 
167,672	0	 
167,704	0	 
167,736	0	 
167,768	0	 
167,8	0	 
167,832	0	 
167,864	0	 
167,896	0	 
167,928	0	 
167,96	0	 
167,992	0	 
168,024	0	 
168,056	0	 
168,088	0	 
168,12	0	 
168,152	0	 
168,184	0	 
168,216	0	 
168,248	0	 
168,28	0	 
168,312	0	 
168,344	0	 
168,376	0	 
168,408	0	 
168,44	0	 
168,472	0	 
168,504	0	 
168,536	0	 
168,568	0	 
168,6	0	 
168,632	0	 
168,664	0	 
168,696	0	 
168,728	0	 
168,76	0	 
168,792	0	 
168,824	0	 
168,856	0	 
168,888	0	 
168,92	0	 
168,952	0	 
168,984	0	 
169,016	0	 
169,048	0	 
169,08	0	 
169,112	0	 
169,144	0	 
169,176	0	 
169,208	0	 
169,24	0	 
169,272	0	 
169,304	0	 
169,336	0	 
169,368	0	 
169,4	0	 
169,432	0	 
169,464	0	 
169,496	0	 
169,528	0	 
169,56	0	 
169,592	0	 
169,624	0	 
169,656	0	 
169,688	0	 
169,72	0	 
169,752	0	 
169,784	0	 
169,816	0	 
169,848	0	 
169,88	0	 
169,912	0	 
169,944	0	 
169,976	0	 
170,008	0	 
170,04	0	 
170,072	0	 
170,104	0	 
170,136	0	 
170,168	0	 
170,2	0	 
170,232	0	 
170,264	0	 
170,296	0	 
170,328	0	 
170,36	0	 
170,392	0	 
170,424	0	 
170,456	0	 
170,488	0	 
170,52	0	 
170,552	0	 
170,584	0	 
170,616	0	 
170,648	0	 
170,68	0	 
170,712	0	 
170,744	0	 
170,776	0	 
170,808	0	 
170,84	0	 
170,872	0	 
170,904	0	 
170,936	0	 
170,968	0	 
171	0	 
171,032	0	 
171,064	0	 
171,096	0	 
171,128	0	 
171,16	0	 
171,192	0	 
171,224	0	 
171,256	0	 
171,288	0	 
171,32	0	 
171,352	0	 
171,384	0	 
171,416	0	 
171,448	0	 
171,48	0	 
171,512	0	 
171,544	0	 
171,576	0	 
171,608	0	 
171,64	0	 
171,672	0	 
171,704	0	 
171,736	0	 
171,768	0	 
171,8	0	 
171,832	0	 
171,864	0	 
171,896	0	 
171,928	0	 
171,96	0	 
171,992	0	 
172,024	0	 
172,056	0	 
172,088	0	 
172,12	0	 
172,152	0	 
172,184	0	 
172,216	0	 
172,248	0	 
172,28	0	 
172,312	0	 
172,344	0	 
172,376	0	 
172,408	0	 
172,44	0	 
172,472	0	 
172,504	0	 
172,536	0	 
172,568	0	 
172,6	0	 
172,632	0	 
172,664	0	 
172,696	0	 
172,728	0	 
172,76	0	 
172,792	0	 
172,824	0	 
172,856	0	 
172,888	0	 
172,92	0	 
172,952	0	 
172,984	0	 
173,016	0	 
173,048	0	 
173,08	0	 
173,112	0	 
173,144	0	 
173,176	0	 
173,208	0	 
173,24	0	 
173,272	0	 
173,304	0	 
173,336	0	 
173,368	0	 
173,4	0	 
173,432	0	 
173,464	0	 
173,496	0	 
173,528	0	 
173,56	0	 
173,592	0	 
173,624	0	 
173,656	0	 
173,688	0	 
173,72	0	 
173,752	0	 
173,784	0	 
173,816	0	 
173,848	0	 
173,88	0	 
173,912	0	 
173,944	0	 
173,976	0	 
174,008	0	 
174,04	0	 
174,072	0	 
174,104	0	 
174,136	0	 
174,168	0	 
174,2	0	 
174,232	0	 
174,264	0	 
174,296	0	 
174,328	0	 
174,36	0	 
174,392	0	 
174,424	0	 
174,456	0	 
174,488	0	 
174,52	0	 
174,552	0	 
174,584	0	 
174,616	0	 
174,648	0	 
174,68	0	 
174,712	0	 
174,744	0	 
174,776	0	 
174,808	0	 
174,84	0	 
174,872	0	 
174,904	0	 
174,936	0	 
174,968	0	 
175	0	 
175,032	0	 
175,064	0	 
175,096	0	 
175,128	0	 
175,16	0	 
175,192	0	 
175,224	0	 
175,256	0	 
175,288	0	 
175,32	0	 
175,352	0	 
175,384	0	 
175,416	0	 
175,448	0	 
175,48	0	 
175,512	0	 
175,544	0	 
175,576	0	 
175,608	0	 
175,64	0	 
175,672	0	 
175,704	0	 
175,736	0	 
175,768	0	 
175,8	0	 
175,832	0	 
175,864	0	 
175,896	0	 
175,928	0	 
175,96	0	 
175,992	0	 
176,024	0	 
176,056	0	 
176,088	0	 
176,12	0	 
176,152	0	 
176,184	0	 
176,216	0	 
176,248	0	 
176,28	0	 
176,312	0	 
176,344	0	 
176,376	0	 
176,408	0	 
176,44	0	 
176,472	0	 
176,504	0	 
176,536	0	 
176,568	0	 
176,6	0	 
176,632	0	 
176,664	0	 
176,696	0	 
176,728	0	 
176,76	0	 
176,792	0	 
176,824	0	 
176,856	0	 
176,888	0	 
176,92	0	 
176,952	0	 
176,984	0	 
177,016	0	 
177,048	0	 
177,08	0	 
177,112	0	 
177,144	0	 
177,176	0	 
177,208	0	 
177,24	0	 
177,272	0	 
177,304	0	 
177,336	0	 
177,368	0	 
177,4	0	 
177,432	0	 
177,464	0	 
177,496	0	 
177,528	0	 
177,56	0	 
177,592	0	 
177,624	0	 
177,656	0	 
177,688	0	 
177,72	0	 
177,752	0	 
177,784	0	 
177,816	0	 
177,848	0	 
177,88	0	 
177,912	0	 
177,944	0	 
177,976	0	 
178,008	0	 
178,04	0	 
178,072	0	 
178,104	0	 
178,136	0	 
178,168	0	 
178,2	0	 
178,232	0	 
178,264	0	 
178,296	0	 
178,328	0	 
178,36	0	 
178,392	0	 
178,424	0	 
178,456	0	 
178,488	0	 
178,52	0	 
178,552	0	 
178,584	0	 
178,616	0	 
178,648	0	 
178,68	0	 
178,712	0	 
178,744	0	 
178,776	0	 
178,808	0	 
178,84	0	 
178,872	0	 
178,904	0	 
178,936	0	 
178,968	0	 
179	0	 
179,032	0	 
179,064	0	 
179,096	0	 
179,128	0	 
179,16	0	 
179,192	0	 
179,224	0	 
179,256	0	 
179,288	0	 
179,32	0	 
179,352	0	 
179,384	0	 
179,416	0	 
179,448	0	 
179,48	0	 
179,512	0	 
179,544	0	 
179,576	0	 
179,608	0	 
179,64	0	 
179,672	0	 
179,704	0	 
179,736	0	 
179,768	0	 
179,8	0	 
179,832	0	 
179,864	0	 
179,896	0	 
179,928	0	 
179,96	0	 
179,992	0	 
180,024	0	 
180,056	0	 
180,088	0	 
180,12	0	 
180,152	0	 
180,184	0	 
180,216	0	 
180,248	0	 
180,28	0	 
180,312	0	 
180,344	0	 
180,376	0	 
180,408	0	 
180,44	0	 
180,472	0	 
180,504	0	 
180,536	0	 
180,568	0	 
180,6	0	 
180,632	0	 
180,664	0	 
180,696	0	 
180,728	0	 
180,76	0	 
180,792	0	 
180,824	0	 
180,856	0	 
180,888	0	 
180,92	0	 
180,952	0	 
180,984	0	 
181,016	0	 
181,048	0	 
181,08	0	 
181,112	0	 
181,144	0	 
181,176	0	 
181,208	0	 
181,24	0	 
181,272	0	 
181,304	0	 
181,336	0	 
181,368	0	 
181,4	0	 
181,432	0	 
181,464	0	 
181,496	0	 
181,528	0	 
181,56	0	 
181,592	0	 
181,624	0	 
181,656	0	 
181,688	0	 
181,72	0	 
181,752	0	 
181,784	0	 
181,816	0	 
181,848	0	 
181,88	0	 
181,912	0	 
181,944	0	 
181,976	0	 
182,008	0	 
182,04	0	 
182,072	0	 
182,104	0	 
182,136	0	 
182,168	0	 
182,2	0	 
182,232	0	 
182,264	0	 
182,296	0	 
182,328	0	 
182,36	0	 
182,392	0	 
182,424	0	 
182,456	0	 
182,488	0	 
182,52	0	 
182,552	0	 
182,584	0	 
182,616	0	 
182,648	0	 
182,68	0	 
182,712	0	 
182,744	0	 
182,776	0	 
182,808	0	 
182,84	0	 
182,872	0	 
182,904	0	 
182,936	0	 
182,968	0	 
183	0	 
183,032	0	 
183,064	0	 
183,096	0	 
183,128	0	 
183,16	0	 
183,192	0	 
183,224	0	 
183,256	0	 
183,288	0	 
183,32	0	 
183,352	0	 
183,384	0	 
183,416	0	 
183,448	0	 
183,48	0	 
183,512	0	 
183,544	0	 
183,576	0	 
183,608	0	 
183,64	0	 
183,672	0	 
183,704	0	 
183,736	0	 
183,768	0	 
183,8	0	 
183,832	0	 
183,864	0	 
183,896	0	 
183,928	0	 
183,96	0	 
183,992	0	 
184,024	0	 
184,056	0	 
184,088	0	 
184,12	0	 
184,152	0	 
184,184	0	 
184,216	0	 
184,248	0	 
184,28	0	 
184,312	0	 
184,344	0	 
184,376	0	 
184,408	0	 
184,44	0	 
184,472	0	 
184,504	0	 
184,536	0	 
184,568	0	 
184,6	0	 
184,632	0	 
184,664	0	 
184,696	0	 
184,728	0	 
184,76	0	 
184,792	0	 
184,824	0	 
184,856	0	 
184,888	0	 
184,92	0	 
184,952	0	 
184,984	0	 
185,016	0	 
185,048	0	 
185,08	0	 
185,112	0	 
185,144	0	 
185,176	0	 
185,208	0	 
185,24	0	 
185,272	0	 
185,304	0	 
185,336	0	 
185,368	0	 
185,4	0	 
185,432	0	 
185,464	0	 
185,496	0	 
185,528	0	 
185,56	0	 
185,592	0	 
185,624	0	 
185,656	0	 
185,688	0	 
185,72	0	 
185,752	0	 
185,784	0	 
185,816	0	 
185,848	0	 
185,88	0	 
185,912	0	 
185,944	0	 
185,976	0	 
186,008	0	 
186,04	0	 
186,072	0	 
186,104	0	 
186,136	0	 
186,168	0	 
186,2	0	 
186,232	0	 
186,264	0	 
186,296	0	 
186,328	0	 
186,36	0	 
186,392	0	 
186,424	0	 
186,456	0	 
186,488	0	 
186,52	0	 
186,552	0	 
186,584	0	 
186,616	0	 
186,648	0	 
186,68	0	 
186,712	0	 
186,744	0	 
186,776	0	 
186,808	0	 
186,84	0	 
186,872	0	 
186,904	0	 
186,936	0	 
186,968	0	 
187	0	 
187,032	0	 
187,064	0	 
187,096	0	 
187,128	0	 
187,16	0	 
187,192	0	 
187,224	0	 
187,256	0	 
187,288	0	 
187,32	0	 
187,352	0	 
187,384	0	 
187,416	0	 
187,448	0	 
187,48	0	 
187,512	0	 
187,544	0	 
187,576	0	 
187,608	0	 
187,64	0	 
187,672	0	 
187,704	0	 
187,736	0	 
187,768	0	 
187,8	0	 
187,832	0	 
187,864	0	 
187,896	0	 
187,928	0	 
187,96	0	 
187,992	0	 
188,024	0	 
188,056	0	 
188,088	0	 
188,12	0	 
188,152	0	 
188,184	0	 
188,216	0	 
188,248	0	 
188,28	0	 
188,312	0	 
188,344	0	 
188,376	0	 
188,408	0	 
188,44	0	 
188,472	0	 
188,504	0	 
188,536	0	 
188,568	0	 
188,6	0	 
188,632	0	 
188,664	0	 
188,696	0	 
188,728	0	 
188,76	0	 
188,792	0	 
188,824	0	 
188,856	0	 
188,888	0	 
188,92	0	 
188,952	0	 
188,984	0	 
189,016	0	 
189,048	0	 
189,08	0	 
189,112	0	 
189,144	0	 
189,176	0	 
189,208	0	 
189,24	0	 
189,272	0	 
189,304	0	 
189,336	0	 
189,368	0	 
189,4	0	 
189,432	0	 
189,464	0	 
189,496	0	 
189,528	0	 
189,56	0	 
189,592	0	 
189,624	0	 
189,656	0	 
189,688	0	 
189,72	0	 
189,752	0	 
189,784	0	 
189,816	0	 
189,848	0	 
189,88	0	 
189,912	0	 
189,944	0	 
189,976	0	 
190,008	0	 
190,04	0	 
190,072	0	 
190,104	0	 
190,136	0	 
190,168	0	 
190,2	0	 
190,232	0	 
190,264	0	 
190,296	0	 
190,328	0	 
190,36	0	 
190,392	0	 
190,424	0	 
190,456	0	 
190,488	0	 
190,52	0	 
190,552	0	 
190,584	0	 
190,616	0	 
190,648	0	 
190,68	0	 
190,712	0	 
190,744	0	 
190,776	0	 
190,808	0	 
190,84	0	 
190,872	0	 
190,904	0	 
190,936	0	 
190,968	0	 