0,004	0	 
0,26	0	 
0,516	0	 
0,772	0	 
1,028	0	 
1,284	0	 
1,54	0	 
1,796	0	 
2,052	0	 
2,308	0	 
2,564	0	 
2,82	0	 
3,076	0	 
3,332	0	 
3,588	0	 
3,844	0	 
4,1	0	 
4,356	0	 
4,612	0	 
4,868	0	 
5,124	0	 
5,38	0	 
5,636	0	 
5,892	0	 
6,148	0	 
6,404	0	 
6,66	0	 
6,916	0	 
7,172	0	 
7,428	0	 
7,684	0	 
7,94	0	 
8,196	0	 
8,452	0	 
8,708	0	 
8,964	0	 
9,22	0	 
9,476	0	 
9,732	0	 
9,988	0	 
10,244	0	 
10,5	0	 
10,756	0	 
11,012	0	 
11,268	0	 
11,524	0	 
11,78	0	 
12,036	0	 
12,292	0	 
12,548	0	 
12,804	0	 
13,06	0	 
13,316	0	 
13,572	0	 
13,828	0	 
14,084	0	 
14,34	0	 
14,596	0	 
14,852	0	 
15,108	0	 
15,364	0	 
15,62	0	 
15,876	0	 
16,132	0	 
16,388	0	 
16,644	0	 
16,9	0	 
17,156	0	 
17,412	0	 
17,668	0	 
17,924	0	 
18,18	0	 
18,436	0	 
18,692	0	 
18,948	0	 
19,204	0	 
19,46	0	 
19,716	0	 
19,972	0	 
20,228	0	 
20,484	0	 
20,74	0	 
20,996	0	 
21,252	0	 
21,508	0	 
21,764	0	 
22,02	0	 
22,276	0	 
22,532	0	 
22,788	0	 
23,044	0	 
23,3	0	 
23,556	0	 
23,812	0	 
24,068	0	 
24,324	0	 
24,58	0	 
24,836	0	 
25,092	0	 
25,348	0	 
25,604	0	 
25,86	0	 
26,116	0	 
26,372	0	 
26,628	0	 
26,884	0	 
27,14	0	 
27,396	0	 
27,652	0	 
27,908	0	 
28,164	0	 
28,42	0	 
28,676	0	 
28,932	0	 
29,188	0	 
29,444	0	 
29,7	0	 
29,956	0	 
30,212	0	 
30,468	0	 
30,724	0	 
30,98	0	 
31,236	0	 
31,492	0	 
31,748	0	 
32,004	0	 
32,26	0	 
32,516	0	 
32,772	0	 
33,028	0	 
33,284	0	 
33,54	0	 
33,796	0	 
34,052	0	 
34,308	0	 
34,564	0	 
34,82	0	 
35,076	0	 
35,332	0	 
35,588	0	 
35,844	0	 
36,1	0	 
36,356	0	 
36,612	0	 
36,868	0	 
37,124	0	 
37,38	0	 
37,636	0	 
37,892	0	 
38,148	0	 
38,404	0	 
38,66	0	 
38,916	0	 
39,172	0	 
39,428	0	 
39,684	0	 
39,94	0	 
40,192	0	 
40,448	0	 
40,704	0	 
40,96	0	 
41,216	0	 
41,472	0	 
41,728	0	 
41,984	0	 
42,24	0	 
42,496	0	 
42,752	0	 
43,008	0	 
43,264	0	 
43,52	0	 
43,776	0	 
44,032	0	 
44,288	0	 
44,544	0	 
44,8	0	 
45,056	0	 
45,312	0	 
45,568	0	 
45,824	0	 
46,08	0	 
46,336	0	 
46,592	0	 
46,848	0	 
47,104	0	 
47,36	0	 
47,616	0	 
47,872	0	 
48,128	0	 
48,384	0	 
48,64	0	 
48,896	0	 
49,152	0	 
49,408	0	 
49,664	0	 
49,92	0	 
50,176	0	 
50,432	0	 
50,688	0	 
50,944	0	 
51,2	0	 
51,456	0	 
51,712	0	 
51,968	0	 
52,224	0	 
52,48	0	 
52,736	0	 
52,992	0	 
53,248	0	 
53,504	0	 
53,76	0	 
54,016	0	 
54,272	0	 
54,528	0	 
54,784	0	 
55,04	0	 
55,296	0	 
55,552	0	 
55,808	0	 
56,064	0	 
56,32	0	 
56,576	0	 
56,832	0	 
57,088	0	 
57,344	0	 
57,6	0	 
57,856	0	 
58,112	0	 
58,368	0	 
58,624	0	 
58,88	0	 
59,136	0	 
59,392	0	 
59,648	0	 
59,904	0	 
60,16	0	 
60,416	0	 
60,672	0	 
60,928	0	 
61,184	0	 
61,44	0	 
61,696	0	 
61,952	0	 
62,208	0	 
62,464	0	 
62,72	0	 
62,976	0	 
63,232	0	 
63,488	0	 
63,744	0	 
64	0	 
64,256	0	 
64,512	0	 
64,768	0	 
65,024	0	 
65,28	0	 
65,536	0	 
65,792	0	 
66,048	0	 
66,304	0	 
66,56	0	 
66,816	0	 
67,072	0	 
67,328	0	 
67,584	0	 
67,84	0	 
68,096	0	 
68,352	0	 
68,608	0	 
68,864	0	 
69,12	0	 
69,376	0	 
69,632	0	 
69,888	0	 
70,144	0	 
70,4	0	 
70,656	0	 
70,912	0	 
71,168	0	 
71,424	0	 
71,68	0	 
71,936	0	 
72,192	0	 
72,448	0	 
72,704	0	 
72,96	0	 
73,216	0	 
73,472	0	 
73,728	0	 
73,984	0	 
74,24	0	 
74,496	0	 
74,752	0	 
75,008	0	 
75,264	0	 
75,52	0	 
75,776	0	 
76,032	0	 
76,288	0	 
76,544	0	 
76,8	0	 
77,056	0	 
77,312	0	 
77,568	0	 
77,824	0	 
78,08	0	 
78,336	0	 
78,592	0	 
78,848	0	 
79,104	0	 
79,36	0	 
79,616	0	 
79,872	0	 
80,12	0	 
80,376	0	 
80,632	0	 
80,888	0	 
81,144	0	 
81,4	0	 
81,656	0	 
81,912	0	 
82,168	0	 
82,424	0	 
82,68	0	 
82,936	0	 
83,192	0	 
83,448	0	 
83,704	0	 
83,96	0	 
84,216	0	 
84,472	0	 
84,728	0	 
84,984	0	 
85,24	0	 
85,496	0	 
85,752	0	 
86,008	0	 
86,264	0	 
86,52	0	 
86,776	0	 
87,032	0	 
87,288	0	 
87,544	0	 
87,8	0	 
88,056	0	 
88,312	0	 
88,568	0	 
88,824	0	 
89,08	0	 
89,336	0	 
89,592	0	 
89,848	0	 
90,104	0	 
90,36	0	 
90,616	0	 
90,872	0	 
91,128	0	 
91,384	0	 
91,64	0	 
91,896	0	 
92,152	0	 
92,408	0	 
92,664	0	 
92,92	0	 
93,176	1	 
93,432	0	 
93,688	0	 
93,944	0	 
94,2	0	 
94,456	0	 
94,712	0	 
94,968	0	 
95,224	0	 
95,48	0	 
95,736	0	 
95,992	0	 
96,248	0	 
96,504	0	 
96,76	0	 
97,016	0	 
97,272	0	 
97,528	0	 
97,784	0	 
98,04	0	 
98,296	0	 
98,552	0	 
98,808	0	 
99,064	0	 
99,32	0	 
99,576	0	 
99,832	0	 
100,088	0	 
100,344	0	 
100,6	0	 
100,856	0	 
101,112	0	 
101,368	0	 
101,624	0	 
101,88	0	 
102,136	0	 
102,392	0	 
102,648	0	 
102,904	0	 
103,16	0	 
103,416	0	 
103,672	0	 
103,928	0	 
104,184	0	 
104,44	0	 
104,696	0	 
104,952	0	 
105,208	0	 
105,464	0	 
105,72	0	 
105,976	0	 
106,232	0	 
106,488	0	 
106,744	0	 
107	0	 
107,256	0	 
107,512	0	 
107,768	0	 
108,024	0	 
108,28	0	 
108,536	0	 
108,792	0	 
109,048	0	 
109,304	0	 
109,56	0	 
109,816	0	 
110,072	0	 
110,328	0	 
110,584	0	 
110,84	0	 
111,096	0	 
111,352	0	 
111,608	0	 
111,864	0	 
112,12	0	 
112,376	0	 
112,632	0	 
112,888	0	 
113,144	0	 
113,4	0	 
113,656	0	 
113,912	0	 
114,168	0	 
114,424	0	 
114,68	0	 
114,936	0	 
115,192	0	 
115,448	0	 
115,704	0	 
115,96	0	 
116,216	0	 
116,472	0	 
116,728	0	 
116,984	0	 
117,24	0	 
117,496	0	 
117,752	0	 
118,008	0	 
118,264	0	 
118,52	0	 
118,776	0	 
119,032	0	 
119,288	0	 
119,544	0	 
119,8	0	 
120,056	0	 
120,312	0	 
120,568	0	 
120,824	0	 
121,08	0	 
121,336	0	 
121,592	0	 
121,848	0	 
122,104	0	 
122,36	0	 
122,616	0	 
122,872	0	 
123,128	0	 
123,384	0	 
123,64	0	 
123,896	0	 
124,152	0	 
124,408	0	 
124,664	0	 
124,92	0	 
125,176	0	 
125,432	0	 
125,688	0	 
125,944	0	 
126,2	0	 
126,456	0	 
126,712	0	 
126,968	0	 
127,224	0	 
127,48	0	 
127,736	0	 
127,992	0	 
128,248	0	 
128,504	0	 
128,76	0	 
129,016	0	 
129,272	0	 
129,528	0	 
129,784	0	 
130,04	0	 
130,296	0	 
130,552	0	 
130,808	0	 
131,064	0	 
131,32	0	 
131,576	0	 
131,832	0	 
132,088	0	 
132,344	0	 
132,6	0	 
132,856	0	 
133,112	0	 
133,368	0	 
133,624	0	 
133,88	0	 
134,136	0	 
134,392	0	 
134,648	0	 
134,904	0	 
135,16	0	 
135,416	0	 
135,672	0	 
135,928	0	 
136,184	0	 
136,44	0	 
136,696	0	 
136,952	0	 
137,208	0	 
137,464	0	 
137,72	0	 
137,976	0	 
138,232	0	 
138,488	0	 
138,744	0	 
139	0	 
139,256	0	 
139,512	0	 
139,768	0	 
140,024	0	 
140,28	0	 
140,536	0	 
140,792	0	 
141,048	0	 
141,304	0	 
141,56	0	 
141,816	0	 
142,072	0	 
142,328	0	 
142,584	0	 
142,84	0	 
143,096	0	 
143,352	0	 
143,608	0	 
143,864	0	 
144,12	0	 
144,376	0	 
144,632	0	 
144,888	0	 
145,144	0	 
145,4	0	 
145,656	0	 
145,912	0	 
146,168	0	 
146,424	0	 
146,68	0	 
146,936	0	 
147,192	0	 
147,448	0	 
147,704	0	 
147,96	0	 
148,216	0	 
148,472	0	 
148,728	0	 
148,984	0	 
149,24	0	 
149,496	0	 
149,752	0	 
150,008	0	 
150,264	0	 
150,52	0	 
150,776	0	 
151,032	0	 
151,288	0	 
151,544	0	 
151,8	0	 
152,056	0	 
152,312	0	 
152,568	0	 
152,824	0	 
153,08	0	 
153,336	0	 
153,592	0	 
153,848	0	 
154,104	0	 
154,36	0	 
154,616	0	 
154,872	0	 
155,128	0	 
155,384	0	 
155,64	0	 
155,896	0	 
156,152	0	 
156,408	0	 
156,664	0	 
156,92	0	 
157,176	0	 
157,432	0	 
157,688	0	 
157,944	0	 
158,2	0	 
158,456	0	 
158,712	0	 
158,968	0	 
159,224	0	 
159,48	0	 
159,736	0	 
159,992	0	 
160,232	0	 
160,488	0	 
160,744	0	 
161	0	 
161,256	0	 
161,512	0	 
161,768	0	 
162,024	0	 
162,28	0	 
162,536	0	 
162,792	0	 
163,048	0	 
163,304	0	 
163,56	0	 
163,816	0	 
164,072	0	 
164,328	0	 
164,584	0	 
164,84	0	 
165,096	0	 
165,352	0	 
165,608	0	 
165,864	0	 
166,12	0	 
166,376	0	 
166,632	0	 
166,888	0	 
167,144	0	 
167,4	0	 
167,656	0	 
167,912	0	 
168,168	0	 
168,424	0	 
168,68	0	 
168,936	0	 
169,192	0	 
169,448	0	 
169,704	0	 
169,96	0	 
170,216	0	 
170,472	0	 
170,728	0	 
170,984	0	 
171,24	0	 
171,496	0	 
171,752	0	 
172,008	0	 
172,264	0	 
172,52	0	 
172,776	0	 
173,032	0	 
173,288	0	 
173,544	0	 
173,8	0	 
174,056	0	 
174,312	0	 
174,568	0	 
174,824	0	 
175,08	0	 
175,336	0	 
175,592	0	 
175,848	0	 
176,104	0	 
176,36	0	 
176,616	0	 
176,872	0	 
177,128	0	 
177,384	0	 
177,64	0	 
177,896	0	 
178,152	0	 
178,408	0	 
178,664	0	 
178,92	0	 
179,176	0	 
179,432	0	 
179,688	0	 
179,944	0	 
180,2	0	 
180,456	0	 
180,712	0	 
180,968	0	 
181,224	0	 
181,48	0	 
181,736	0	 
181,992	0	 
182,248	0	 
182,504	0	 
182,76	0	 
183,016	0	 
183,272	0	 
183,528	0	 
183,784	0	 
184,04	0	 
184,296	0	 
184,552	0	 
184,808	0	 
185,064	0	 
185,32	0	 
185,576	0	 
185,832	0	 
186,088	0	 
186,344	0	 
186,6	0	 
186,856	0	 
187,112	0	 
187,368	0	 
187,624	0	 
187,88	0	 
188,136	0	 
188,392	0	 
188,648	0	 
188,904	0	 
189,16	0	 
189,416	0	 
189,672	0	 
189,928	0	 
190,184	0	 
190,44	0	 
190,696	0	 
190,952	0	 
191,208	0	 
191,464	0	 
191,72	0	 
191,976	0	 
192,232	0	 
192,488	0	 
192,744	0	 
193	0	 
193,256	0	 
193,512	0	 
193,768	0	 
194,024	0	 
194,28	0	 
194,536	0	 
194,792	0	 
195,048	0	 
195,304	0	 
195,56	0	 
195,816	0	 
196,072	0	 
196,328	0	 
196,584	0	 
196,84	0	 
197,096	0	 
197,352	0	 
197,608	0	 
197,864	0	 
198,12	0	 
198,376	0	 
198,632	0	 
198,888	0	 
199,144	0	 
199,4	0	 
199,656	0	 
199,912	0	 
200,168	0	 
200,424	0	 
200,68	0	 
200,936	0	 
201,192	0	 
201,448	0	 
201,704	0	 
201,96	0	 
202,216	0	 
202,472	0	 
202,728	0	 
202,984	0	 
203,24	0	 
203,496	0	 
203,752	0	 
204,008	0	 
204,264	0	 
204,52	0	 
204,776	0	 
205,032	0	 
205,288	0	 
205,544	0	 
205,8	0	 
206,056	0	 
206,312	0	 
206,568	0	 
206,824	0	 
207,08	0	 
207,336	0	 
207,592	0	 
207,848	0	 
208,104	0	 
208,36	0	 
208,616	0	 
208,872	0	 
209,128	0	 
209,384	0	 
209,64	0	 
209,896	0	 
210,152	0	 
210,408	0	 
210,664	0	 
210,92	0	 
211,176	0	 
211,432	0	 
211,688	0	 
211,944	0	 
212,2	0	 
212,456	0	 
212,712	0	 
212,968	0	 
213,224	0	 
213,48	0	 
213,736	0	 
213,992	0	 
214,248	0	 
214,504	0	 
214,76	0	 
215,016	0	 
215,272	0	 
215,528	0	 
215,784	0	 
216,04	0	 
216,296	0	 
216,552	0	 
216,808	0	 
217,064	0	 
217,32	0	 
217,576	0	 
217,832	0	 
218,088	0	 
218,344	0	 
218,6	0	 
218,856	0	 
219,112	0	 
219,368	0	 
219,624	0	 
219,88	0	 
220,136	0	 
220,392	0	 
220,648	0	 
220,904	0	 
221,16	0	 
221,416	0	 
221,672	0	 
221,928	0	 
222,184	0	 
222,44	0	 
222,696	0	 
222,952	0	 
223,208	0	 
223,464	0	 
223,72	0	 
223,976	0	 
224,232	0	 
224,488	0	 
224,744	0	 
225	0	 
225,256	0	 
225,512	0	 
225,768	0	 
226,024	0	 
226,28	0	 
226,536	0	 
226,792	0	 
227,048	0	 
227,304	0	 
227,56	0	 
227,816	0	 
228,072	0	 
228,328	0	 
228,584	0	 
228,84	0	 
229,096	0	 
229,352	0	 
229,608	0	 
229,864	0	 
230,12	0	 
230,376	0	 
230,632	0	 
230,888	0	 
231,144	0	 
231,4	0	 
231,656	0	 
231,912	0	 
232,168	0	 
232,424	0	 
232,68	0	 
232,936	0	 
233,192	0	 
233,448	0	 
233,704	0	 
233,96	0	 
234,216	0	 
234,472	0	 
234,728	0	 
234,984	1	141,808
235,24	0	 
235,496	0	 
235,752	0	 
236,008	0	 
236,264	0	 
236,52	0	 
236,776	0	 
237,032	0	 
237,288	0	 
237,544	0	 
237,8	0	 
238,056	0	 
238,312	0	 
238,568	0	 
238,824	0	 
239,08	0	 
239,336	0	 
239,592	0	 
239,848	0	 
240,104	0	 
240,36	0	 
240,616	0	 
240,872	0	 
241,128	0	 
241,384	0	 
241,64	0	 
241,896	0	 
242,152	0	 
242,408	0	 
242,664	0	 
242,92	0	 
243,176	0	 
243,432	0	 
243,688	0	 
243,944	0	 
244,2	0	 
244,456	0	 
244,712	0	 
244,968	0	 
245,224	0	 
245,48	0	 
245,736	0	 
245,992	0	 
246,248	0	 
246,504	0	 
246,76	0	 
247,016	0	 
247,272	0	 
247,528	0	 
247,784	0	 
248,04	0	 
248,296	0	 
248,552	0	 
248,808	0	 
249,064	0	 
249,32	0	 
249,576	0	 
249,832	0	 
250,088	0	 
250,344	0	 
250,6	0	 
250,856	0	 
251,112	0	 
251,368	0	 
251,624	0	 
251,88	0	 
252,136	0	 
252,392	0	 
252,648	0	 
252,904	0	 
253,16	0	 
253,416	0	 
253,672	0	 
253,928	0	 
254,184	0	 
254,44	0	 
254,696	0	 
254,952	0	 
255,208	0	 
255,464	0	 
255,72	0	 
255,976	0	 
256,232	0	 
256,488	0	 
256,744	0	 
257	0	 
257,256	0	 
257,512	0	 
257,768	0	 
258,024	0	 
258,28	0	 
258,536	0	 
258,792	0	 
259,048	0	 
259,304	0	 
259,56	0	 
259,816	0	 
260,072	0	 
260,328	0	 
260,584	0	 
260,84	0	 
261,096	0	 
261,352	0	 
261,608	0	 
261,864	0	 
262,12	0	 
262,376	0	 
262,632	0	 
262,888	0	 
263,144	0	 
263,4	0	 
263,656	0	 
263,912	0	 
264,168	0	 
264,424	0	 
264,68	0	 
264,936	0	 
265,192	0	 
265,448	0	 
265,704	0	 
265,96	0	 
266,216	0	 
266,472	0	 
266,728	0	 
266,984	0	 
267,24	0	 
267,496	0	 
267,752	0	 
268,008	0	 
268,264	0	 
268,52	0	 
268,776	0	 
269,032	0	 
269,288	0	 
269,544	0	 
269,8	0	 
270,056	0	 
270,312	0	 
270,568	0	 
270,824	0	 
271,08	0	 
271,336	0	 
271,592	0	 
271,848	0	 
272,104	0	 
272,36	0	 
272,616	0	 
272,872	0	 
273,128	0	 
273,384	0	 
273,64	0	 
273,896	0	 
274,152	0	 
274,408	0	 
274,664	0	 
274,92	0	 
275,176	0	 
275,432	0	 
275,688	0	 
275,944	0	 
276,2	0	 
276,456	0	 
276,712	0	 
276,968	0	 
277,224	0	 
277,48	0	 
277,736	0	 
277,992	0	 
278,248	0	 
278,504	0	 
278,76	0	 
279,016	0	 
279,272	0	 
279,528	0	 
279,784	0	 
280,04	0	 
280,296	0	 
280,552	0	 
280,808	0	 
281,064	0	 
281,32	0	 
281,576	0	 
281,832	0	 
282,088	0	 
282,344	0	 
282,6	0	 
282,856	0	 
283,112	0	 
283,368	0	 
283,624	0	 
283,88	0	 
284,136	0	 
284,392	0	 
284,648	0	 
284,904	0	 
285,16	0	 
285,416	0	 
285,672	0	 
285,928	0	 
286,184	0	 
286,44	0	 
286,696	0	 
286,952	0	 
287,208	0	 
287,464	0	 
287,72	0	 
287,976	0	 
288,232	0	 
288,488	0	 
288,744	0	 
289	0	 
289,256	0	 
289,512	0	 
289,768	0	 
290,024	0	 
290,28	0	 
290,536	0	 
290,792	0	 
291,048	0	 
291,304	0	 
291,56	0	 
291,816	0	 
292,072	0	 
292,328	0	 
292,584	0	 
292,84	0	 
293,096	0	 
293,352	0	 
293,608	0	 
293,864	0	 
294,12	0	 
294,376	0	 
294,632	0	 
294,888	0	 
295,144	0	 
295,4	0	 
295,656	0	 
295,912	0	 
296,168	0	 
296,424	0	 
296,68	0	 
296,936	0	 
297,192	0	 
297,448	0	 
297,704	0	 
297,96	0	 
298,216	0	 
298,472	0	 
298,728	0	 
298,984	0	 
299,24	1	64,2560000002
299,496	0	 
299,752	0	 
300,008	0	 
300,264	0	 
300,52	0	 
300,776	0	 
301,032	0	 
301,288	0	 
301,544	0	 
301,8	0	 
302,056	0	 
302,312	0	 
302,568	0	 
302,824	0	 
303,08	0	 
303,336	0	 
303,592	0	 
303,848	0	 
304,104	0	 
304,36	0	 
304,616	0	 
304,872	0	 
305,128	0	 
305,384	0	 
305,64	0	 
305,896	0	 
306,152	0	 
306,408	0	 
306,664	0	 
306,92	0	 
307,176	0	 
307,432	0	 
307,688	0	 
307,944	0	 
308,2	0	 
308,456	0	 
308,712	0	 
308,968	0	 
309,224	0	 
309,48	0	 
309,736	0	 
309,992	0	 
310,248	0	 
310,504	0	 
310,76	0	 
311,016	0	 
311,272	0	 
311,528	0	 
311,784	0	 
312,04	0	 
312,296	0	 
312,552	0	 
312,808	0	 
313,064	0	 
313,32	0	 
313,576	0	 
313,832	0	 
314,088	0	 
314,344	0	 
314,6	0	 
314,856	0	 
315,112	0	 
315,368	0	 
315,624	0	 
315,88	0	 
316,136	0	 
316,392	0	 
316,648	0	 
316,904	0	 
317,16	0	 
317,416	0	 
317,672	0	 
317,928	0	 
318,184	0	 
318,44	0	 
318,696	0	 
318,952	0	 
319,208	0	 
319,464	0	 
319,72	0	 
319,976	0	 
320,2	0	 
320,456	0	 
320,712	0	 
320,968	0	 
321,224	0	 
321,48	0	 
321,736	0	 
321,992	0	 
322,248	0	 
322,504	0	 
322,76	0	 
323,016	0	 
323,272	0	 
323,528	0	 
323,784	0	 
324,04	0	 
324,296	0	 
324,552	0	 
324,808	0	 
325,064	0	 
325,32	0	 
325,576	0	 
325,832	0	 
326,088	0	 
326,344	0	 
326,6	0	 
326,856	0	 
327,112	0	 
327,368	0	 
327,624	0	 
327,88	0	 
328,136	0	 
328,392	0	 
328,648	0	 
328,904	0	 
329,16	0	 
329,416	0	 
329,672	0	 
329,928	0	 
330,184	0	 
330,44	0	 
330,696	0	 
330,952	0	 
331,208	0	 
331,464	0	 
331,72	0	 
331,976	0	 
332,232	0	 
332,488	0	 
332,744	0	 
333	0	 
333,256	0	 
333,512	0	 
333,768	0	 
334,024	0	 
334,28	0	 
334,536	0	 
334,792	0	 
335,048	0	 
335,304	0	 
335,56	0	 
335,816	0	 
336,072	0	 
336,328	0	 
336,584	0	 
336,84	0	 
337,096	0	 
337,352	0	 
337,608	0	 
337,864	0	 
338,12	0	 
338,376	0	 
338,632	0	 
338,888	0	 
339,144	0	 
339,4	0	 
339,656	0	 
339,912	0	 
340,168	0	 
340,424	0	 
340,68	0	 
340,936	0	 
341,192	0	 
341,448	0	 
341,704	0	 
341,96	0	 
342,216	0	 
342,472	0	 
342,728	0	 
342,984	0	 
343,24	0	 
343,496	0	 
343,752	0	 
344,008	0	 
344,264	0	 
344,52	0	 
344,776	0	 
345,032	0	 
345,288	0	 
345,544	0	 
345,8	0	 
346,056	0	 
346,312	0	 
346,568	0	 
346,824	0	 
347,08	0	 
347,336	0	 
347,592	0	 
347,848	0	 
348,104	0	 
348,36	0	 
348,616	0	 
348,872	0	 
349,128	0	 
349,384	0	 
349,64	0	 
349,896	0	 
350,152	0	 
350,408	0	 
350,664	0	 
350,92	0	 
351,176	0	 
351,432	0	 
351,688	0	 
351,944	0	 
352,2	0	 
352,456	0	 
352,712	0	 
352,968	0	 
353,224	0	 
353,48	0	 
353,736	0	 
353,992	0	 
354,248	0	 
354,504	0	 
354,76	0	 
355,016	0	 
355,272	0	 
355,528	0	 
355,784	0	 
356,04	0	 
356,296	0	 
356,552	0	 
356,808	0	 
357,064	0	 
357,32	0	 
357,576	0	 
357,832	0	 
358,088	0	 
358,344	0	 
358,6	0	 
358,856	0	 
359,112	0	 
359,368	0	 
359,624	0	 
359,88	0	 
360,136	0	 
360,392	0	 
360,648	0	 
360,904	0	 
361,16	0	 
361,416	0	 
361,672	0	 
361,928	0	 
362,184	0	 
362,44	0	 
362,696	0	 
362,952	0	 
363,208	0	 
363,464	0	 
363,72	0	 
363,976	0	 
364,232	0	 
364,488	0	 
364,744	0	 
365	0	 
365,256	0	 
365,512	0	 
365,768	0	 
366,024	0	 
366,28	0	 
366,536	0	 
366,792	0	 
367,048	0	 
367,304	0	 
367,56	0	 
367,816	0	 
368,072	0	 
368,328	0	 
368,584	0	 
368,84	0	 
369,096	0	 
369,352	0	 
369,608	0	 
369,864	0	 
370,12	0	 
370,376	0	 
370,632	0	 
370,888	0	 
371,144	0	 
371,4	0	 
371,656	0	 
371,912	0	 
372,168	0	 
372,424	0	 
372,68	0	 
372,936	0	 
373,192	0	 
373,448	0	 
373,704	0	 
373,96	0	 
374,216	0	 
374,472	0	 
374,728	0	 
374,984	0	 
375,24	1	76,0000000004
375,496	0	 
375,752	0	 
376,008	0	 
376,264	0	 
376,52	0	 
376,776	0	 
377,032	0	 
377,288	0	 
377,544	0	 
377,8	0	 
378,056	0	 
378,312	0	 
378,568	0	 
378,824	0	 
379,08	0	 
379,336	0	 
379,592	0	 
379,848	0	 
380,104	0	 
380,36	0	 
380,616	0	 
380,872	0	 
381,128	0	 
381,384	0	 
381,64	0	 
381,896	0	 
382,152	0	 
382,408	0	 
382,664	0	 
382,92	0	 
383,176	0	 
383,432	0	 
383,688	0	 
383,944	0	 
384,2	0	 
384,456	0	 
384,712	0	 
384,968	0	 
385,224	0	 
385,48	0	 
385,736	0	 
385,992	0	 
386,248	0	 
386,504	0	 
386,76	0	 
387,016	0	 
387,272	0	 
387,528	0	 
387,784	0	 
388,04	0	 
388,296	0	 
388,552	0	 
388,808	0	 
389,064	0	 
389,32	0	 
389,576	0	 
389,832	0	 
390,088	0	 
390,344	0	 
390,6	0	 
390,856	0	 
391,112	0	 
391,368	0	 
391,624	0	 
391,88	0	 
392,136	0	 
392,392	0	 
392,648	0	 
392,904	0	 
393,16	0	 
393,416	0	 
393,672	0	 
393,928	0	 
394,184	0	 
394,44	0	 
394,696	0	 
394,952	0	 
395,208	0	 
395,464	0	 
395,72	0	 
395,976	0	 
396,232	0	 
396,488	0	 
396,744	0	 
397	0	 
397,256	0	 
397,512	0	 
397,768	0	 
398,024	0	 
398,28	0	 
398,536	0	 
398,792	0	 
399,048	0	 
399,304	0	 
399,56	0	 
399,816	0	 
400,072	0	 
400,328	0	 
400,584	0	 
400,84	0	 
401,096	0	 
401,352	0	 
401,608	0	 
401,864	0	 
402,12	0	 
402,376	0	 
402,632	0	 
402,888	0	 
403,144	0	 
403,4	0	 
403,656	0	 
403,912	0	 
404,168	0	 
404,424	0	 
404,68	0	 
404,936	0	 
405,192	0	 
405,448	0	 
405,704	0	 
405,96	0	 
406,216	0	 
406,472	0	 
406,728	0	 
406,984	0	 
407,24	0	 
407,496	0	 
407,752	0	 
408,008	0	 
408,264	0	 
408,52	0	 
408,776	0	 
409,032	0	 
409,288	0	 
409,544	0	 
409,800000001	0	 
410,056000001	0	 
410,312000001	0	 
410,568000001	0	 
410,824000001	0	 
411,080000001	0	 
411,336000001	0	 
411,592000001	0	 
411,848000001	0	 
412,104000001	0	 
412,360000001	0	 
412,616000001	0	 
412,872000001	0	 
413,128000001	0	 
413,384000001	0	 
413,640000001	0	 
413,896000001	0	 
414,152000001	0	 
414,408000001	0	 
414,664000001	0	 
414,920000001	0	 
415,176000001	0	 
415,432000001	0	 
415,688000001	0	 
415,944000001	0	 
416,200000001	0	 
416,456000001	0	 
416,712000001	0	 
416,968000001	0	 
417,224000001	0	 
417,480000001	0	 
417,736000001	0	 
417,992000001	0	 
418,248000001	0	 
418,504000001	0	 
418,760000001	0	 
419,016000001	0	 
419,272000001	0	 
419,528000001	0	 
419,784000001	0	 
420,040000001	0	 
420,296000001	0	 
420,552000001	0	 
420,808000001	0	 
421,064000001	0	 
421,320000001	0	 
421,576000001	0	 
421,832000001	0	 
422,088000001	0	 
422,344000001	0	 
422,600000001	0	 
422,856000001	0	 
423,112000001	0	 
423,368000001	0	 
423,624000001	0	 
423,880000001	0	 
424,136000001	0	 
424,392000001	0	 
424,648000001	0	 
424,904000001	0	 
425,160000001	0	 
425,416000001	0	 
425,672000001	0	 
425,928000001	0	 
426,184000001	0	 
426,440000001	0	 
426,696000001	0	 
426,952000001	0	 
427,208000001	0	 
427,464000001	0	 
427,720000001	0	 
427,976000001	0	 
428,232000001	0	 
428,488000001	0	 
428,744000001	0	 
429,000000001	0	 
429,256000001	0	 
429,512000001	0	 
429,768000001	0	 
430,024000001	0	 
430,280000001	0	 
430,536000001	0	 
430,792000001	0	 
431,048000001	0	 
431,304000001	0	 
431,560000001	0	 
431,816000001	0	 
432,072000001	0	 
432,328000001	0	 
432,584000001	0	 
432,840000001	0	 
433,096000001	0	 
433,352000001	0	 
433,608000001	0	 
433,864000001	0	 
434,120000001	0	 
434,376000001	0	 
434,632000001	0	 
434,888000001	0	 
435,144000001	0	 
435,400000001	0	 
435,656000001	0	 
435,912000001	0	 
436,168000001	0	 
436,424000001	0	 
436,680000001	0	 
436,936000001	0	 
437,192000001	0	 
437,448000001	0	 
437,704000001	0	 
437,960000001	0	 
438,216000001	0	 
438,472000001	0	 
438,728000001	0	 
438,984000001	0	 
439,240000001	0	 
439,496000001	0	 
439,752000001	0	 
440,008000001	0	 
440,264000001	0	 
440,520000001	0	 
440,776000001	0	 
441,032000001	0	 
441,288000001	0	 
441,544000001	0	 
441,800000001	0	 
442,056000001	0	 
442,312000001	0	 
442,568000001	0	 
442,824000001	0	 
443,080000001	0	 
443,336000001	0	 
443,592000001	0	 
443,848000001	0	 
444,104000001	0	 
444,360000001	0	 
444,616000001	0	 
444,872000001	0	 
445,128000001	0	 
445,384000001	0	 
445,640000001	0	 
445,896000001	0	 
446,152000001	0	 
446,408000001	0	 
446,664000001	0	 
446,920000001	0	 
447,176000001	0	 
447,432000001	0	 
447,688000001	0	 
447,944000001	0	 
448,200000001	0	 
448,456000001	0	 
448,712000001	0	 
448,968000001	0	 
449,224000001	0	 
449,480000001	0	 
449,736000001	0	 
449,992000001	0	 
450,248000001	0	 
450,504000001	0	 
450,760000001	0	 
451,016000001	0	 
451,272000001	0	 
451,528000001	0	 
451,784000001	0	 
452,040000001	0	 
452,296000001	0	 
452,552000001	0	 
452,808000001	0	 
453,064000001	0	 
453,320000001	0	 
453,576000001	0	 
453,832000001	0	 
454,088000001	0	 
454,344000001	0	 
454,600000001	0	 
454,856000001	0	 
455,112000001	0	 
455,368000001	0	 
455,624000001	0	 
455,880000001	0	 
456,136000001	0	 
456,392000001	0	 
456,648000001	0	 
456,904000001	0	 
457,160000001	0	 
457,416000001	0	 
457,672000001	0	 
457,928000001	0	 
458,184000001	0	 
458,440000001	0	 
458,696000001	0	 
458,952000001	0	 
459,208000001	0	 
459,464000001	0	 
459,720000001	0	 
459,976000001	0	 
460,232000001	0	 
460,488000001	0	 
460,744000001	0	 
461,000000001	0	 
461,256000001	0	 
461,512000001	0	 
461,768000001	0	 
462,024000001	0	 
462,280000001	0	 
462,536000001	0	 
462,792000001	0	 
463,048000001	0	 
463,304000001	0	 
463,560000001	0	 
463,816000001	0	 
464,072000001	0	 
464,328000001	0	 
464,584000001	0	 
464,840000001	0	 
465,096000001	0	 
465,352000001	0	 
465,608000001	0	 
465,864000001	0	 
466,120000001	0	 
466,376000001	0	 
466,632000001	0	 
466,888000001	0	 
467,144000001	0	 
467,400000001	0	 
467,656000001	0	 
467,912000001	0	 
468,168000001	0	 
468,424000001	0	 
468,680000001	0	 
468,936000001	0	 
469,192000001	0	 
469,448000001	0	 
469,704000001	0	 
469,960000001	0	 
470,216000001	0	 
470,472000001	0	 
470,728000001	0	 
470,984000001	0	 
471,240000001	0	 
471,496000001	0	 
471,752000001	0	 
472,008000001	0	 
472,264000001	0	 
472,520000001	0	 
472,776000001	0	 
473,032000001	0	 
473,288000001	0	 
473,544000001	0	 
473,800000001	0	 
474,056000001	0	 
474,312000001	0	 
474,568000001	0	 
474,824000001	0	 
475,080000001	0	 
475,336000001	0	 
475,592000001	0	 
475,848000001	0	 
476,104000001	0	 
476,360000001	0	 
476,616000001	0	 
476,872000001	0	 
477,128000001	0	 
477,384000001	0	 
477,640000001	0	 
477,896000001	0	 
478,152000001	0	 
478,408000001	0	 
478,664000001	0	 
478,920000001	0	 
479,176000001	0	 
479,432000001	0	 
479,688000001	0	 
479,944000001	0	 
480,200000001	0	 
480,456000001	0	 
480,712000001	0	 
480,968000001	0	 
481,224000001	0	 
481,480000001	0	 
481,736000001	0	 
481,992000001	0	 
482,248000001	0	 
482,504000001	0	 
482,760000001	0	 
483,016000001	0	 
483,272000001	0	 
483,528000001	0	 
483,784000001	0	 
484,040000001	0	 
484,296000001	0	 
484,552000001	0	 
484,808000001	0	 
514,004	0	 
514,02	0	 
514,036	0	 
514,052	0	 
514,068	0	 
514,084	0	 
514,1	0	 
514,116	0	 
514,132	0	 
514,148	0	 
514,164	0	 
514,18	0	 
514,196	0	 
514,212	0	 
514,228	0	 
514,244	0	 
514,26	0	 
514,276	0	 
514,292	0	 
514,308	0	 
514,324	0	 
514,34	0	 
514,356	0	 
514,372	0	 
514,388	0	 
514,404	0	 
514,42	0	 
514,436	0	 
514,452	0	 
514,468	0	 
514,484	0	 
514,5	0	 
514,516	0	 
514,532	0	 
514,548	0	 
514,564	0	 
514,58	0	 
514,596	0	 
514,612	0	 
514,628	0	 
514,644	0	 
514,66	0	 
514,676	0	 
514,692	0	 
514,708	0	 
514,724	0	 
514,74	0	 
514,756	0	 
514,772	0	 
514,788	0	 
514,804	0	 
514,82	0	 
514,836	0	 
514,852	0	 
514,868	0	 
514,884	0	 
514,9	0	 
514,916	0	 
514,932	0	 
514,948	0	 
514,964	0	 
514,98	0	 
514,996	0	 
515,012	0	 
515,028	0	 
515,044	0	 
515,06	0	 
515,076	0	 
515,092	0	 
515,108	0	 
515,124	0	 
515,14	0	 
515,156	0	 
515,172	0	 
515,188	0	 
515,204	0	 
515,22	0	 
515,236	0	 
515,252	0	 
515,268	0	 
515,284	0	 
515,3	0	 
515,316	0	 
515,332	0	 
515,348	0	 
515,364	0	 
515,38	0	 
515,396	0	 
515,412	0	 
515,428	0	 
515,444	0	 
515,46	0	 
515,476	0	 
515,492	0	 
515,508	0	 
515,524	0	 
515,54	0	 
515,556	0	 
515,572	0	 
515,588	0	 
515,604	0	 
515,62	0	 
515,636	0	 
515,652	0	 
515,668	0	 
515,684	0	 
515,7	0	 
515,716	0	 
515,732	0	 
515,748	0	 
515,764	0	 
515,78	0	 
515,796	0	 
515,812	0	 
515,828	0	 
515,844	0	 
515,86	0	 
515,876	0	 
515,892	0	 
515,908	0	 
515,924	0	 
515,94	0	 
515,956	0	 
515,972	0	 
515,988	0	 
516,004	0	 
516,02	0	 
516,036	0	 
516,052	0	 
516,068	0	 
516,084	0	 
516,1	0	 
516,116	0	 
516,132	0	 
516,148	0	 
516,164	0	 
516,18	0	 
516,196	0	 
516,212	0	 
516,228	0	 
516,244	0	 
516,26	0	 
516,276	0	 
516,292	0	 
516,308	0	 
516,324	0	 
516,34	0	 
516,356	0	 
516,372	0	 
516,388	0	 
516,404	0	 
516,42	0	 
516,436	0	 
516,452	0	 
516,468	0	 
516,484	0	 
516,5	0	 
516,516	0	 
516,532	0	 
516,548	0	 
516,564	0	 
516,58	0	 
516,596	0	 
516,612	0	 
516,628	0	 
516,644	0	 
516,66	0	 
516,676	0	 
516,692	0	 
516,708	0	 
516,724	0	 
516,74	0	 
516,756	0	 
516,772	0	 
516,788	0	 
516,804	0	 
516,82	0	 
516,836	0	 
516,852	0	 
516,868	0	 
516,884	0	 
516,9	0	 
516,916	0	 
516,932	0	 
516,948	0	 
516,964	0	 
516,98	0	 
516,996	0	 
517,012	0	 
517,028	0	 
517,044	0	 
517,06	0	 
517,076	0	 
517,092	0	 
517,108	0	 
517,124	0	 
517,14	0	 
517,156	0	 
517,172	0	 
517,188	0	 
517,204	0	 
517,22	0	 
517,236	0	 
517,252	0	 
517,268	0	 
517,284	0	 
517,3	0	 
517,316	0	 
517,332	0	 
517,348	0	 
517,364	0	 
517,38	0	 
517,396	0	 
517,412	0	 
517,428	0	 
517,444	0	 
517,46	0	 
517,476	0	 
517,492	0	 
517,508	0	 
517,524	0	 
517,54	0	 
517,556	0	 
517,572	0	 
517,588	0	 
517,604	0	 
517,62	0	 
517,636	0	 
517,652	0	 
517,668	0	 
517,684	0	 
517,7	0	 
517,716	0	 
517,732	0	 
517,748	0	 
517,764	0	 
517,78	0	 
517,796	0	 
517,812	0	 
517,828	1	142,588
517,844	0	 
517,86	0	 
517,876	0	 
517,892	0	 
517,908	0	 
517,924	0	 
517,94	0	 
517,956	0	 
517,972	0	 
517,988	0	 
518,004	0	 
518,02	0	 
518,036	0	 
518,052	0	 
518,068	0	 
518,084	0	 
518,1	0	 
518,116	0	 
518,132	0	 
518,148	0	 
518,164	0	 
518,18	0	 
518,196	0	 
518,212	0	 
518,228	0	 
518,244	0	 
518,26	0	 
518,276	0	 
518,292	0	 
518,308	0	 
518,324	0	 
518,34	0	 
518,356	0	 
518,372	0	 
518,388	0	 
518,404	0	 
518,42	0	 
518,436	0	 
518,452	0	 
518,468	0	 
518,484	0	 
518,5	0	 
518,516	0	 
518,532	0	 
518,548	0	 
518,564	0	 
518,58	0	 
518,596	0	 
518,612	0	 
518,628	0	 
518,644	0	 
518,66	0	 
518,676	0	 
518,692	0	 
518,708	0	 
518,724	0	 
518,74	0	 
518,756	0	 
518,772	0	 
518,788	0	 
518,804	0	 
518,82	0	 
518,836	0	 
518,852	0	 
518,868	0	 
518,884	0	 
518,9	0	 
518,916	0	 
518,932	0	 
518,948	0	 
518,964	0	 
518,98	0	 
518,996	0	 
519,012	0	 
519,028	0	 
519,044	0	 
519,06	0	 
519,076	0	 
519,092	0	 
519,108	0	 
519,124	0	 
519,14	0	 
519,156	0	 
519,172	0	 
519,188	0	 
519,204	0	 
519,22	0	 
519,236	0	 
519,252	0	 
519,268	0	 
519,284	0	 
519,3	0	 
519,316	0	 
519,332	0	 
519,348	0	 
519,364	0	 
519,38	0	 
519,396	0	 
519,412	0	 
519,428	0	 
519,444	0	 
519,46	0	 
519,476	0	 
519,492	0	 
519,508	0	 
519,524	0	 
519,54	0	 
519,556	0	 
519,572	0	 
519,588	0	 
519,604	0	 
519,62	0	 
519,636	0	 
519,652	0	 
519,668	0	 
519,684	0	 
519,7	0	 
519,716	0	 
519,732	0	 
519,748	0	 
519,764	0	 
519,78	0	 
519,796	0	 
519,812	0	 
519,828	0	 
519,844	0	 
519,86	0	 
519,876	0	 
519,892	0	 
519,908	0	 
519,924	0	 
519,94	0	 
519,956	0	 
519,972	0	 
519,988	0	 
520,004	0	 
520,02	0	 
520,036	0	 
520,052	0	 
520,068	0	 
520,084	0	 
520,1	0	 
520,116	0	 
520,132	0	 
520,148	0	 
520,164	0	 
520,18	0	 
520,196	0	 
520,212	0	 
520,228	0	 
520,244	0	 
520,26	0	 
520,276	0	 
520,292	0	 
520,308	0	 
520,324	0	 
520,34	0	 
520,356	0	 
520,372	0	 
520,388	0	 
520,404	0	 
520,42	0	 
520,436	0	 
520,452	0	 
520,468	0	 
520,484	0	 
520,5	0	 
520,516	0	 
520,532	0	 
520,548	0	 
520,564	0	 
520,58	0	 
520,596	0	 
520,612	0	 
520,628	0	 
520,644	0	 
520,66	0	 
520,676	0	 
520,692	0	 
520,708	0	 
520,724	0	 
520,74	0	 
520,756	0	 
520,772	0	 
520,788	0	 
520,804	0	 
520,82	0	 
520,836	0	 
520,852	0	 
520,868	0	 
520,884	0	 
520,9	0	 
520,916	0	 
520,932	0	 
520,948	0	 
520,964	0	 
520,98	0	 
520,996	0	 
521,012	0	 
521,028	0	 
521,044	0	 
521,06	0	 
521,076	0	 
521,092	0	 
521,108	0	 
521,124	0	 
521,14	0	 
521,156	0	 
521,172	0	 
521,188	0	 
521,204	0	 
521,22	0	 
521,236	0	 
521,252	0	 
521,268	0	 
521,284	0	 
521,3	0	 
521,316	0	 
521,332	0	 
521,348	0	 
521,364	0	 
521,38	0	 
521,396	0	 
521,412	0	 
521,428	0	 
521,444	0	 
521,46	0	 
521,476	0	 
521,492	0	 
521,508	0	 
521,524	0	 
521,54	0	 
521,556	0	 
521,572	0	 
521,588	0	 
521,604	0	 
521,62	0	 
521,636	0	 
521,652	0	 
521,668	0	 
521,684	0	 
521,7	0	 
521,716	0	 
521,732	0	 
521,748	0	 
521,764	0	 
521,78	0	 
521,796	0	 
521,812	0	 
521,828	0	 
521,844	0	 
521,86	0	 
521,876	0	 
521,892	0	 
521,908	0	 
521,924	0	 
521,94	0	 
521,956	0	 
521,972	0	 
521,988	0	 
522,004	0	 
522,02	0	 
522,036	0	 
522,052	0	 
522,068	0	 
522,084	0	 
522,1	0	 
522,116	0	 
522,132	0	 
522,148	0	 
522,164	0	 
522,18	0	 
522,196	0	 
522,212	0	 
522,228	0	 
522,244	0	 
522,26	0	 
522,276	0	 
522,292	0	 
522,308	0	 
522,324	0	 
522,34	0	 
522,356	0	 
522,372	0	 
522,388	0	 
522,404	0	 
522,42	0	 
522,436	0	 
522,452	0	 
522,468	0	 
522,484	0	 
522,5	0	 
522,516	0	 
522,532	0	 
522,548	0	 
522,564	0	 
522,58	0	 
522,596	0	 
522,612	0	 
522,628	0	 
522,644	0	 
522,66	0	 
522,676	0	 
522,692	0	 
522,708	0	 
522,724	0	 
522,74	0	 
522,756	0	 
522,772	0	 
522,788	0	 
522,804	0	 
522,82	0	 
522,836	0	 
522,852	0	 
522,868	0	 
522,884	0	 
522,9	0	 
522,916	0	 
522,932	0	 
522,948	0	 
522,964	0	 
522,98	0	 
522,996	0	 
523,012	0	 
523,028	0	 
523,044	0	 
523,06	0	 
523,076	0	 
523,092	0	 
523,108	0	 
523,124	0	 
523,14	0	 
523,156	0	 
523,172	0	 
523,188	0	 
523,204	0	 
523,22	0	 
523,236	0	 
523,252	0	 
523,268	0	 
523,284	0	 
523,3	0	 
523,316	0	 
523,332	0	 
523,348	0	 
523,364	0	 
523,38	0	 
523,396	0	 
523,412	0	 
523,428	0	 
523,444	0	 
523,46	0	 
523,476	0	 
523,492	0	 
523,508	0	 
523,524	0	 
523,54	0	 
523,556	0	 
523,572	0	 
523,588	0	 
523,604	0	 
523,62	0	 
523,636	0	 
523,652	0	 
523,668	0	 
523,684	0	 
523,7	0	 
523,716	0	 
523,732	0	 
523,748	0	 
523,764	0	 
523,78	0	 
523,796	0	 
523,812	0	 
523,828	0	 
523,844	0	 
523,86	0	 
523,876	0	 
523,892	0	 
523,908	0	 
523,924	0	 
523,94	0	 
523,956	0	 
523,972	0	 
523,988	0	 
524,004	0	 
524,02	0	 
524,036	0	 
524,052	0	 
524,068	0	 
524,084	0	 
524,1	0	 
524,116	0	 
524,132	0	 
524,148	0	 
524,164	0	 
524,18	0	 
524,196	0	 
524,212	0	 
524,228	0	 
524,244	0	 
524,26	0	 
524,276	0	 
524,292	0	 
524,308	0	 
524,324	0	 
524,34	0	 
524,356	0	 
524,372	0	 
524,388	0	 
524,404	0	 
524,42	0	 
524,436	0	 
524,452	0	 
524,468	0	 
524,484	0	 
524,5	0	 
524,516	0	 
524,532	0	 
524,548	0	 
524,564	0	 
524,58	0	 
524,596	0	 
524,612	0	 
524,628	0	 
524,644	0	 
524,66	0	 
524,676	0	 
524,692	0	 
524,708	0	 
524,724	0	 
524,74	0	 
524,756	0	 
524,772	0	 
524,788	0	 
524,804	0	 
524,82	0	 
524,836	0	 
524,852	0	 
524,868	0	 
524,884	0	 
524,9	0	 
524,916	0	 
524,932	0	 
524,948	0	 
524,964	0	 
524,98	0	 
524,996	0	 
525,012	0	 
525,028	0	 
525,044	0	 
525,06	0	 
525,076	0	 
525,092	0	 
525,108	0	 
525,124	0	 
525,14	0	 
525,156	0	 
525,172	0	 
525,188	0	 
525,204	0	 
525,22	0	 
525,236	0	 
525,252	0	 
525,268	0	 
525,284	0	 
525,3	0	 
525,316	0	 
525,332	0	 
525,348	0	 
525,364	0	 
525,38	0	 
525,396	0	 
525,412	0	 
525,428	0	 
525,444	0	 
525,46	0	 
525,476	0	 
525,492	0	 
525,508	0	 
525,524	0	 
525,54	0	 
525,556	0	 
525,572	0	 
525,588	0	 
525,604	0	 
525,62	0	 
525,636	0	 
525,652	0	 
525,668	0	 
525,684	0	 
525,7	0	 
525,716	0	 
525,732	0	 
525,748	0	 
525,764	0	 
525,78	0	 
525,796	0	 
525,812	0	 
525,828	0	 
525,844	0	 
525,86	0	 
525,876	0	 
525,892	0	 
525,908	0	 
525,924	0	 
525,94	0	 
525,956	0	 
525,972	0	 
525,988	0	 
526,004	0	 
526,02	0	 
526,036	0	 
526,052	0	 
526,068	0	 
526,084	0	 
526,1	0	 
526,116	0	 
526,132	0	 
526,148	0	 
526,164	0	 
526,18	0	 
526,196	0	 
526,212	0	 
526,228	0	 
526,244	0	 
526,26	0	 
526,276	0	 
526,292	0	 
526,308	0	 
526,324	0	 
526,34	0	 
526,356	0	 
526,372	0	 
526,388	0	 
526,404	0	 
526,42	0	 
526,436	0	 
526,452	0	 
526,468	0	 
526,484	0	 
526,5	0	 
526,516	0	 
526,532	0	 
526,548	0	 
526,564	0	 
526,58	0	 
526,596	0	 
526,612	0	 
526,628	0	 
526,644	0	 
526,66	0	 
526,676	0	 
526,692	0	 
526,708	0	 
526,724	0	 
526,74	0	 
526,756	0	 
526,772	0	 
526,788	0	 
526,804	0	 
526,82	0	 
526,836	0	 
526,852	0	 
526,868	0	 
526,884	0	 
526,9	0	 
526,916	0	 
526,932	0	 
526,948	0	 
526,964	0	 
526,98	0	 
526,996	0	 
527,012	0	 
527,028	0	 
527,044	0	 
527,06	0	 
527,076	0	 
527,092	0	 
527,108	0	 
527,124	0	 
527,14	0	 
527,156	0	 
527,172	0	 
527,188	0	 
527,204	0	 
527,22	0	 
527,236	0	 
527,252	0	 
527,268	0	 
527,284	0	 
527,3	0	 
527,316	0	 
527,332	0	 
527,348	0	 
527,364	0	 
527,38	0	 
527,396	0	 
527,412	0	 
527,428	0	 
527,444	0	 
527,46	0	 
527,476	0	 
527,492	0	 
527,508	0	 
527,524	0	 
527,54	0	 
527,556	0	 
527,572	0	 
527,588	0	 
527,604	0	 
527,62	0	 
527,636	0	 
527,652	0	 
527,668	0	 
527,684	0	 
527,7	0	 
527,716	0	 
527,732	0	 
527,748	0	 
527,764	0	 
527,78	0	 
527,796	0	 
527,812	0	 
527,828	0	 
527,844	0	 
527,86	0	 
527,876	0	 
527,892	0	 
527,908	0	 
527,924	0	 
527,94	0	 
527,956	0	 
527,972	0	 
527,988	0	 
528,004	0	 
528,02	0	 
528,036	0	 
528,052	0	 
528,068	0	 
528,084	0	 
528,1	0	 
528,116	0	 
528,132	0	 
528,148	0	 
528,164	0	 
528,18	0	 
528,196	0	 
528,212	0	 
528,228	0	 
528,244	0	 
528,26	0	 
528,276	0	 
528,292	0	 
528,308	0	 
528,324	0	 
528,34	0	 
528,356	0	 
528,372	0	 
528,388	0	 
528,404	0	 
528,42	0	 
528,436	0	 
528,452	0	 
528,468	0	 
528,484	0	 
528,5	0	 
528,516	0	 
528,532	0	 
528,548	0	 
528,564	0	 
528,58	0	 
528,596	0	 
528,612	0	 
528,628	0	 
528,644	0	 
528,66	0	 
528,676	0	 
528,692	0	 
528,708	0	 
528,724	0	 
528,74	0	 
528,756	0	 
528,772	0	 
528,788	0	 
528,804	0	 
528,82	0	 
528,836	0	 
528,852	0	 
528,868	0	 
528,884	0	 
528,9	0	 
528,916	0	 
528,932	0	 
528,948	0	 
528,964	0	 
528,98	0	 
528,996	0	 
529,012	0	 
529,028	0	 
529,044	0	 
529,06	0	 
529,076	0	 
529,092	0	 
529,108	0	 
529,124	0	 
529,14	0	 
529,156	0	 
529,172	0	 
529,188	0	 
529,204	0	 
529,22	0	 
529,236	0	 
529,252	0	 
529,268	0	 
529,284	0	 
529,3	0	 
529,316	0	 
529,332	0	 
529,348	0	 
529,364	0	 
529,38	0	 
529,396	0	 
529,412	0	 
529,428	0	 
529,444	0	 
529,46	0	 
529,476	0	 
529,492	0	 
529,508	0	 
529,524	0	 
529,54	0	 
529,556	0	 
529,572	0	 
529,588	0	 
529,604	0	 
529,62	0	 
529,636	0	 
529,652	0	 
529,668	0	 
529,684	0	 
529,7	0	 
529,716	0	 
529,732	0	 
529,748	0	 
529,764	0	 
529,78	0	 
529,796	0	 
529,812	0	 
529,828	0	 
529,844	0	 
529,86	0	 
529,876	0	 
529,892	0	 
529,908	0	 
529,924	0	 
529,94	0	 
529,956	0	 
529,972	0	 
529,988	0	 
530,004	0	 
530,02	0	 
530,036	0	 
530,052	0	 
530,068	0	 
530,084	0	 
530,1	0	 
530,116	0	 
530,132	0	 
530,148	0	 
530,164	0	 
530,18	0	 
530,196	0	 
530,212	0	 
530,228	0	 
530,244	0	 
530,26	0	 
530,276	0	 
530,292	0	 
530,308	0	 
530,324	0	 
530,34	0	 
530,356	0	 
530,372	0	 
530,388	0	 
530,404	0	 
530,42	0	 
530,436	0	 
530,452	0	 
530,468	0	 
530,484	0	 
530,5	0	 
530,516	0	 
530,532	0	 
530,548	0	 
530,564	0	 
530,58	0	 
530,596	0	 
530,612	0	 
530,628	0	 
530,644	0	 
530,66	0	 
530,676	0	 
530,692	0	 
530,708	0	 
530,724	0	 
530,74	0	 
530,756	0	 
530,772	0	 
530,788	0	 
530,804	0	 
530,82	0	 
530,836	0	 
530,852	0	 
530,868	0	 
530,884	0	 
530,9	0	 
530,916	0	 
530,932	0	 
530,948	0	 
530,964	0	 
530,98	0	 
530,996	0	 
531,012	0	 
531,028	0	 
531,044	0	 
531,06	0	 
531,076	0	 
531,092	0	 
531,108	0	 
531,124	0	 
531,14	0	 
531,156	0	 
531,172	0	 
531,188	0	 
531,204	0	 
531,22	0	 
531,236	0	 
531,252	0	 
531,268	0	 
531,284	0	 
531,3	0	 
531,316	0	 
531,332	0	 
531,348	0	 
531,364	0	 
531,38	0	 
531,396	0	 
531,412	0	 
531,428	0	 
531,444	0	 
531,46	0	 
531,476	0	 
531,492	0	 
531,508	0	 
531,524	0	 
531,54	0	 
531,556	0	 
531,572	0	 
531,588	0	 
531,604	0	 
531,62	0	 
531,636	0	 
531,652	0	 
531,668	0	 
531,684	0	 
531,7	0	 
531,716	0	 
531,732	0	 
531,748	0	 
531,764	0	 
531,78	0	 
531,796	0	 
531,812	0	 
531,828	0	 
531,844	0	 
531,86	0	 
531,876	0	 
531,892	0	 
531,908	0	 
531,924	0	 
531,94	0	 
531,956	0	 
531,972	0	 
531,988	0	 
532,004	0	 
532,02	0	 
532,036	0	 
532,052	0	 
532,068	0	 
532,084	0	 
532,1	0	 
532,116	0	 
532,132	0	 
532,148	0	 
532,164	0	 
532,18	0	 
532,196	0	 
532,212	0	 
532,228	0	 
532,244	0	 
532,26	0	 
532,276	0	 
532,292	0	 
532,308	0	 
532,324	0	 
532,34	0	 
532,356	0	 
532,372	0	 
532,388	0	 
532,404	0	 
532,42	0	 
532,436	0	 
532,452	0	 
532,468	0	 
532,484	0	 
532,5	0	 
532,516	0	 
532,532	0	 
532,548	0	 
532,564	0	 
532,58	0	 
532,596	0	 
532,612	0	 
532,628	0	 
532,644	0	 
532,66	0	 
532,676	0	 
532,692	0	 
532,708	0	 
532,724	0	 
532,74	0	 
532,756	0	 
532,772	0	 
532,788	0	 
532,804	0	 
532,82	0	 
532,836	0	 
532,852	0	 
532,868	0	 
532,884	0	 
532,9	0	 
532,916	0	 
532,932	0	 
532,948	0	 
532,964	0	 
532,98	0	 
532,996	0	 
533,012	0	 
533,028	0	 
533,044	0	 
533,06	0	 
533,076	0	 
533,092	0	 
533,108	0	 
533,124	0	 
533,14	0	 
533,156	0	 
533,172	0	 
533,188	0	 
533,204	0	 
533,22	0	 
533,236	0	 
533,252	0	 
533,268	0	 
533,284	0	 
533,3	0	 
533,316	0	 
533,332	0	 
533,348	0	 
533,364	0	 
533,38	0	 
533,396	0	 
533,412	0	 
533,428	0	 
533,444	0	 
533,46	0	 
533,476	0	 
533,492	0	 
533,508	0	 
533,524	0	 
533,54	0	 
533,556	0	 
533,572	0	 
533,588	0	 
533,604	0	 
533,62	0	 
533,636	0	 
533,652	0	 
533,668	0	 
533,684	0	 
533,7	0	 
533,716	0	 
533,732	0	 
533,748	0	 
533,764	0	 
533,78	0	 
533,796	0	 
533,812	0	 
533,828	0	 
533,844	0	 
533,86	0	 
533,876	0	 
533,892	0	 
533,908	0	 
533,924	0	 
533,94	0	 
533,956	0	 
533,972	0	 
533,988	0	 
534,004	0	 
534,02	0	 
534,036	0	 
534,052	0	 
534,068	0	 
534,084	0	 
534,1	0	 
534,116	0	 
534,132	0	 
534,148	0	 
534,164	0	 
534,18	0	 
534,196	0	 
534,212	0	 
534,228	0	 
534,244	0	 
534,26	0	 
534,276	0	 
534,292	0	 
534,308	0	 
534,324	0	 
534,34	0	 
534,356	0	 
534,372	0	 
534,388	0	 
534,404	0	 
534,42	0	 
534,436	0	 
534,452	0	 
534,468	0	 
534,484	0	 
534,5	0	 
534,516	0	 
534,532	0	 
534,548	0	 
534,564	0	 
534,58	0	 
534,596	0	 
534,612	0	 
534,628	0	 
534,644	0	 
534,66	0	 
534,676	0	 
534,692	0	 
534,708	0	 
534,724	0	 
534,74	0	 
534,756	0	 
534,772	0	 
534,788	0	 
534,804	0	 
534,82	0	 
534,836	0	 
534,852	0	 
534,868	0	 
534,884	0	 
534,9	0	 
534,916	0	 
534,932	0	 
534,948	0	 
534,964	0	 
534,98	0	 
534,996	0	 
535,012	0	 
535,028	0	 
535,044	0	 
535,06	0	 
535,076	0	 
535,092	0	 
535,108	0	 
535,124	0	 
535,14	0	 
535,156	0	 
535,172	0	 
535,188	0	 
535,204	0	 
535,22	0	 
535,236	0	 
535,252	0	 
535,268	0	 
535,284	0	 
535,3	0	 
535,316	0	 
535,332	0	 
535,348	0	 
535,364	0	 
535,38	0	 
535,396	0	 
535,412	0	 
535,428	0	 
535,444	0	 
535,46	0	 
535,476	0	 
535,492	0	 
535,508	0	 
535,524	0	 
535,54	0	 
535,556	0	 
535,572	0	 
535,588	0	 
535,604	0	 
535,62	0	 
535,636	0	 
535,652	0	 
535,668	0	 
535,684	0	 
535,7	0	 
535,716	0	 
535,732	0	 
535,748	0	 
535,764	0	 
535,78	0	 
535,796	0	 
535,812	0	 
535,828	0	 
535,844	0	 
535,86	0	 
535,876	0	 
535,892	0	 
535,908	0	 
535,924	0	 
535,94	0	 
535,956	0	 
535,972	0	 
535,988	0	 
536,004	0	 
536,02	0	 
536,036	0	 
536,052	0	 
536,068	0	 
536,084	0	 
536,1	0	 
536,116	0	 
536,132	0	 
536,148	0	 
536,164	0	 
536,18	0	 
536,196	0	 
536,212	0	 
536,228	0	 
536,244	0	 
536,26	0	 
536,276	0	 
536,292	0	 
536,308	0	 
536,324	0	 
536,34	0	 
536,356	0	 
536,372	0	 
536,388	0	 
536,404	0	 
536,42	0	 
536,436	0	 
536,452	0	 
536,468	0	 
536,484	0	 
536,5	0	 
536,516	0	 
536,532	0	 
536,548	0	 
536,564	0	 
536,58	0	 
536,596	0	 
536,612	0	 
536,628	0	 
536,644	0	 
536,66	0	 
536,676	0	 
536,692	0	 
536,708	0	 
536,724	0	 
536,74	0	 
536,756	0	 
536,772	0	 
536,788	0	 
536,804	0	 
536,82	0	 
536,836	0	 
536,852	0	 
536,868	0	 
536,884	0	 
536,9	0	 
536,916	0	 
536,932	0	 
536,948	0	 
536,964	0	 
536,98	0	 
536,996	0	 
537,012	0	 
537,028	0	 
537,044	0	 
537,06	0	 
537,076	0	 
537,092	0	 
537,108	0	 
537,124	0	 
537,14	0	 
537,156	0	 
537,172	0	 
537,188	0	 
537,204	0	 
537,22	0	 
537,236	0	 
537,252	0	 
537,268	0	 
537,284	0	 
537,3	0	 
537,316	0	 
537,332	1	19,5040000001
537,348	0	 
537,364	0	 
537,38	0	 
537,396	0	 
537,412	0	 
537,428	0	 
537,444	0	 
537,46	0	 
537,476	0	 
537,492	0	 
537,508	0	 
537,524	0	 
537,54	0	 
537,556	0	 
537,572	0	 
537,588	0	 
537,604	0	 
537,62	0	 
537,636	0	 
537,652	0	 
537,668	0	 
537,684	0	 
537,7	0	 
537,716	0	 
537,732	0	 
537,748	0	 
537,764	0	 
537,78	0	 
537,796	0	 
537,812	0	 
537,828	0	 
537,844	0	 
537,86	0	 
537,876	0	 
537,892	0	 
537,908	0	 
537,924	0	 
537,94	0	 
537,956	0	 
537,972	0	 
537,988	0	 
538,004	0	 
538,02	0	 
538,036	0	 
538,052	0	 
538,068	0	 
538,084	0	 
538,1	0	 
538,116	0	 
538,132	0	 
538,148	0	 
538,164	0	 
538,18	0	 
538,196	0	 
538,212	0	 
538,228	0	 
538,244	0	 
538,26	0	 
538,276	0	 
538,292	0	 
538,308	0	 
538,324	0	 
538,34	0	 
538,356	0	 
538,372	0	 
538,388	0	 
538,404	0	 
538,42	0	 
538,436	0	 
538,452	0	 
538,468	0	 
538,484	0	 
538,5	0	 
538,516	0	 
538,532	0	 
538,548	0	 
538,564	0	 
538,58	0	 
538,596	0	 
538,612	0	 
538,628	0	 
538,644	0	 
538,66	0	 
538,676	0	 
538,692	0	 
538,708	0	 
538,724	0	 
538,74	0	 
538,756	0	 
538,772	0	 
538,788	0	 
538,804	0	 
538,82	0	 
538,836	0	 
538,852	0	 
538,868	0	 
538,884	0	 
538,9	1	1,56800000001
538,916	0	 
538,932	0	 
538,948	0	 
538,964	0	 
538,98	0	 
538,996	0	 
539,012	0	 
539,028	0	 
539,044	0	 
539,06	0	 
539,076	0	 
539,092	0	 
539,108	0	 
539,124	0	 
539,14	0	 
539,156	0	 
539,172	0	 
539,188	0	 
539,204	0	 
539,22	0	 
539,236	0	 
539,252	0	 
539,268	0	 
539,284	0	 
539,3	0	 
539,316	0	 
539,332	0	 
539,348	0	 
539,364	0	 
539,38	0	 
539,396	0	 
539,412	0	 
539,428	0	 
539,444	0	 
539,46	0	 
539,476	0	 
539,492	0	 
539,508	0	 
539,524	0	 
539,54	0	 
539,556	0	 
539,572	0	 
539,588	0	 
539,604	0	 
539,62	0	 
539,636	0	 
539,652	0	 
539,668	0	 
539,684	0	 
539,7	0	 
539,716	0	 
539,732	0	 
539,748	0	 
539,764	0	 
539,78	0	 
539,796	0	 
539,812	0	 
539,828	0	 
539,844	0	 
539,86	0	 
539,876	0	 
539,892	0	 
539,908	0	 
539,924	0	 
539,94	0	 
539,956	0	 
539,972	0	 
539,988	0	 
540,004	0	 
540,02	0	 
540,036	0	 
540,052	0	 
540,068	0	 
540,084	0	 
540,1	0	 
540,116	0	 
540,132	0	 
540,148	0	 
540,164	0	 
540,18	0	 
540,196	0	 
540,212	0	 
540,228	0	 
540,244	0	 
540,26	0	 
540,276	0	 
540,292	0	 
540,308	0	 
540,324	0	 
540,34	0	 
540,356	0	 
540,372	0	 
540,388	0	 
540,404	0	 
540,42	0	 
540,436	0	 
540,452	0	 
540,468	0	 
540,484	0	 
540,5	0	 
540,516	0	 
540,532	0	 
540,548	0	 
540,564	0	 
540,58	0	 
540,596	0	 
540,612	0	 
540,628	0	 
540,644	0	 
540,66	0	 
540,676	0	 
540,692	0	 
540,708	0	 
540,724	0	 
540,74	0	 
540,756	0	 
540,772	0	 
540,788	0	 
540,804	0	 
540,82	0	 
540,836	0	 
540,852	0	 
540,868	0	 
540,884	0	 
540,9	0	 
540,916	0	 
540,932	0	 
540,948	0	 
540,964	0	 
540,98	0	 
540,996	0	 
541,012	0	 
541,028	0	 
541,044	0	 
541,06	0	 
541,076	0	 
541,092	0	 
541,108	0	 
541,124	0	 
541,14	0	 
541,156	0	 
541,172	0	 
541,188	0	 
541,204	0	 
541,22	0	 
541,236	0	 
541,252	0	 
541,268	0	 
541,284	0	 
541,3	0	 
541,316	0	 
541,332	0	 
541,348	0	 
541,364	0	 
541,38	0	 
541,396	0	 
541,412	0	 
541,428	0	 
541,444	0	 
541,46	0	 
541,476	0	 
541,492	0	 
541,508	0	 
541,524	0	 
541,54	0	 
541,556	0	 
541,572	0	 
541,588	0	 
541,604	0	 
541,62	0	 
541,636	0	 
541,652	0	 
541,668	0	 
541,684	0	 
541,7	0	 
541,716	0	 
541,732	0	 
541,748	0	 
541,764	0	 
541,78	0	 
541,796	0	 
541,812	0	 
541,828	0	 
541,844	0	 
541,86	0	 
541,876	0	 
541,892	0	 
541,908	0	 
541,924	0	 
541,94	0	 
541,956	0	 
541,972	0	 
541,988	0	 
542,004	0	 
542,02	0	 
542,036	0	 
542,052	0	 
542,068	0	 
542,084	0	 
542,1	0	 
542,116	0	 
542,132	0	 
542,148	0	 
542,164	0	 
542,18	0	 
542,196	0	 
542,212	0	 
542,228	0	 
542,244	0	 
542,26	0	 
542,276	0	 
542,292	0	 
542,308	0	 
542,324	0	 
542,34	0	 
542,356	0	 
542,372	0	 
542,388	0	 
542,404	0	 
542,42	0	 
542,436	0	 
542,452	0	 
542,468	0	 
542,484	0	 
542,5	0	 
542,516	0	 
542,532	0	 
542,548	0	 
542,564	0	 
542,58	0	 
542,596	0	 
542,612	0	 
542,628	0	 
542,644	0	 
542,66	0	 
542,676	0	 
542,692	0	 
542,708	0	 
542,724	0	 
542,74	0	 
542,756	0	 
542,772	0	 
542,788	0	 
542,804	0	 
542,82	0	 
542,836	0	 
542,852	0	 
542,868	0	 
542,884	0	 
542,9	0	 
542,916	0	 
542,932	0	 
542,948	0	 
542,964	0	 
542,98	0	 
542,996	0	 
543,012	0	 
543,028	0	 
543,044	0	 
543,06	0	 
543,076	0	 
543,092	0	 
543,108	0	 
543,124	0	 
543,14	0	 
543,156	0	 
543,172	0	 
543,188	0	 
543,204	0	 
543,22	0	 
543,236	0	 
543,252	0	 
543,268	0	 
543,284	0	 
543,3	0	 
543,316	0	 
543,332	0	 
543,348	0	 
543,364	0	 
543,38	0	 
543,396	0	 
543,412	0	 
543,428	0	 
543,444	0	 
543,46	0	 
543,476	0	 
543,492	0	 
543,508	0	 
543,524	0	 
543,54	0	 
543,556	0	 
543,572	0	 
543,588	0	 
543,604	0	 
543,62	0	 
543,636	0	 
543,652	0	 
543,668	0	 
543,684	0	 
543,7	0	 
543,716	0	 
543,732	0	 
543,748	0	 
543,764	0	 
543,78	0	 
543,796	0	 
543,812	0	 
543,828	0	 
543,844	0	 
543,86	0	 
543,876	0	 
543,892	0	 
543,908	0	 
543,924	0	 
543,94	0	 
543,956	0	 
543,972	0	 
543,988	0	 
544,004	0	 
544,02	0	 
544,036	0	 
544,052	0	 
544,068	0	 
544,084	0	 
544,1	0	 
544,116	0	 
544,132	0	 
544,148	0	 
544,164	0	 
544,18	0	 
544,196	0	 
544,212	0	 
544,228	0	 
544,244	0	 
544,26	0	 
544,276	0	 
544,292	0	 
544,308	0	 
544,324	0	 
544,34	0	 
544,356	0	 
544,372	0	 
544,388	0	 
544,404	0	 
544,42	0	 
544,436	0	 
544,452	0	 
544,468	0	 
544,484	1	5,58400000003
544,5	0	 
544,516	0	 
544,532	0	 
544,548	0	 
544,564	0	 
544,58	0	 
544,596	0	 
544,612	0	 
544,628	0	 
544,644	0	 
544,66	0	 
544,676	0	 
544,692	0	 
544,708	0	 
544,724	0	 
544,74	0	 
544,756	0	 
544,772	0	 
544,788	0	 
544,804	0	 
544,82	0	 
544,836	0	 
544,852	0	 
544,868	0	 
544,884	0	 
544,9	0	 
544,916	0	 
544,932	0	 
544,948	0	 
544,964	0	 
544,98	0	 
544,996	0	 
545,012	0	 
545,028	0	 
545,044	0	 
545,06	0	 
545,076	0	 
545,092	0	 
545,108	0	 
545,124	0	 
545,14	0	 
545,156	0	 
545,172	0	 
545,188	0	 
545,204	0	 
545,22	0	 
545,236	0	 
545,252	0	 
545,268	0	 
545,284	0	 
545,3	0	 
545,316	0	 
545,332	0	 
545,348	0	 
545,364	0	 
545,38	0	 
545,396	0	 
545,412	0	 
545,428	0	 
545,444	0	 
545,46	0	 
545,476	0	 
545,492	0	 
545,508	0	 
545,524	0	 
545,54	0	 
545,556	0	 
545,572	0	 
545,588	0	 
545,604	0	 
545,62	0	 
545,636	0	 
545,652	0	 
545,668	0	 
545,684	0	 
545,7	0	 
545,716	0	 
545,732	0	 
545,748	0	 
545,764	0	 
545,78	0	 
545,796	0	 
545,812	0	 
545,828	0	 
545,844	0	 
545,86	0	 
545,876	0	 
545,892	0	 
545,908	0	 
545,924	0	 
545,94	0	 
545,956	0	 
545,972	0	 
545,988	0	 
546,004	0	 
546,02	0	 
546,036	0	 
546,052	0	 
546,068	0	 
546,084	0	 
546,1	0	 
546,116	0	 
546,132	0	 
546,148	0	 
546,164	0	 
546,18	0	 
546,196	0	 
546,212	0	 
546,228	0	 
546,244	0	 
546,26	0	 
546,276	0	 
546,292	0	 
546,308	0	 
546,324	0	 
546,34	0	 
546,356	0	 
546,372	0	 
546,388	0	 
546,404	0	 
546,42	0	 
546,436	0	 
546,452	0	 
546,468	0	 
546,484	0	 
546,5	0	 
546,516	0	 
546,532	0	 
546,548	0	 
546,564	0	 
546,58	0	 
546,596	0	 
546,612	0	 
546,628	0	 
546,644	0	 
546,66	0	 
546,676	0	 
546,692	0	 
546,708	0	 
546,724	0	 
546,74	0	 
546,756	0	 
546,772	0	 
546,788	0	 
546,804	0	 
546,82	0	 
546,836	0	 
546,852	0	 
546,868	0	 
546,884	0	 
546,9	0	 
546,916	0	 
546,932	0	 
546,948	0	 
546,964	0	 
546,98	0	 
546,996	0	 
547,012	0	 
547,028	0	 
547,044	0	 
547,06	0	 
547,076	0	 
547,092	0	 
547,108	0	 
547,124	0	 
547,14	0	 
547,156	0	 
547,172	0	 
547,188	0	 
547,204	0	 
547,22	0	 
547,236	0	 
547,252	0	 
547,268	0	 
547,284	0	 
547,3	0	 
547,316	0	 
547,332	0	 
547,348	0	 
547,364	0	 
547,38	0	 
547,396	0	 
547,412	0	 
547,428	0	 
547,444	0	 
547,46	0	 
547,476	0	 
547,492	0	 
547,508	0	 
547,524	0	 
547,54	0	 
547,556	0	 
547,572	0	 
547,588	0	 
547,604	0	 
547,62	0	 
547,636	0	 
547,652	0	 
547,668	0	 
547,684	0	 
547,7	0	 
547,716	0	 
547,732	0	 
547,748	0	 
547,764	0	 
547,78	0	 
547,796	0	 
547,812	0	 
547,828	0	 
547,844	0	 
547,86	0	 
547,876	0	 
547,892	0	 
547,908	0	 
547,924	0	 
547,94	0	 
547,956	0	 
547,972	0	 
547,988	0	 
548,004	0	 
548,02	0	 
548,036	0	 
548,052	0	 
548,068	0	 
548,084	0	 
548,1	0	 
548,116	0	 
548,132	0	 
548,148	0	 
548,164	0	 
548,18	0	 
548,196	0	 
548,212	0	 
548,228	0	 
548,244	0	 
548,26	0	 
548,276	0	 
548,292	0	 
548,308	0	 
548,324	0	 
548,34	0	 
548,356	0	 
548,372	0	 
548,388	0	 
548,404	0	 
548,42	0	 
548,436	0	 
548,452	0	 
548,468	0	 
548,484	0	 
548,5	0	 
548,516	0	 
548,532	0	 
548,548	0	 
548,564	0	 
548,58	0	 
548,596	0	 
548,612	0	 
548,628	0	 
548,644	0	 
548,66	0	 
548,676	0	 
548,692	0	 
548,708	0	 
548,724	0	 
548,74	0	 
548,756	0	 
548,772	0	 
548,788	0	 
548,804	0	 
548,82	0	 
548,836	0	 
548,852	0	 
548,868	0	 
548,884	0	 
548,9	0	 
548,916	0	 
548,932	0	 
548,948	0	 
548,964	0	 
548,98	0	 
548,996	0	 
549,012	0	 
549,028	0	 
549,044	0	 
549,06	0	 
549,076	0	 
549,092	0	 
549,108	0	 
549,124	0	 
549,14	0	 
549,156	0	 
549,172	0	 
549,188	0	 
549,204	0	 
549,22	0	 
549,236	0	 
549,252	0	 
549,268	0	 
549,284	0	 
549,3	0	 
549,316	0	 
549,332	0	 
549,348	0	 
549,364	0	 
549,38	0	 
549,396	0	 
549,412	0	 
549,428	0	 
549,444	0	 
549,46	0	 
549,476	0	 
549,492	0	 
549,508	0	 
549,524	0	 
549,54	0	 
549,556	0	 
549,572	0	 
549,588	0	 
549,604	0	 
549,62	0	 
549,636	0	 
549,652	0	 
549,668	0	 
549,684	0	 
549,7	0	 
549,716	0	 
549,732	0	 
549,748	0	 
549,764	0	 
549,78	0	 
549,796	0	 
549,812	0	 
549,828	0	 
549,844	0	 
549,86	0	 
549,876	0	 
549,892	0	 
549,908	0	 
549,924	0	 
549,94	0	 
549,956	0	 
549,972	0	 
549,988	0	 
550,004	0	 
550,02	0	 
550,036	0	 
550,052	0	 
550,068	0	 
550,084	0	 
550,1	0	 
550,116	0	 
550,132	0	 
550,148	0	 
550,164	0	 
550,18	0	 
550,196	0	 
550,212	0	 
550,228	0	 
550,244	0	 
550,26	0	 
550,276	0	 
550,292	0	 
550,308	0	 
550,324	0	 
550,34	0	 
550,356	0	 
550,372	0	 
550,388	0	 
550,404	0	 
550,42	0	 
550,436	0	 
550,452	1	5,96800000003
550,468	0	 
550,484	0	 
550,5	0	 
550,516	0	 
550,532	0	 
550,548	0	 
550,564	0	 
550,58	0	 
550,596	0	 
550,612	0	 
550,628	0	 
550,644	0	 
550,66	0	 
550,676	0	 
550,692	0	 
550,708	0	 
550,724	0	 
550,74	0	 
550,756	0	 
550,772	0	 
550,788	0	 
550,804	0	 
550,82	0	 
550,836	0	 
550,852	0	 
550,868	0	 
550,884	0	 
550,9	0	 
550,916	0	 
550,932	0	 
550,948	0	 
550,964	0	 
550,98	0	 
550,996	0	 
551,012	0	 
551,028	0	 
551,044	0	 
551,06	0	 
551,076	0	 
551,092	0	 
551,108	0	 
551,124	0	 
551,14	0	 
551,156	0	 
551,172	0	 
551,188	0	 
551,204	0	 
551,22	0	 
551,236	0	 
551,252	0	 
551,268	0	 
551,284	0	 
551,3	0	 
551,316	0	 
551,332	0	 
551,348	0	 
551,364	0	 
551,38	0	 
551,396	0	 
551,412	0	 
551,428	0	 
551,444	0	 
551,46	0	 
551,476	0	 
551,492	0	 
551,508	0	 
551,524	0	 
551,54	0	 
551,556	0	 
551,572	0	 
551,588	0	 
551,604	0	 
551,62	0	 
551,636	0	 
551,652	0	 
551,668	0	 
551,684	0	 
551,7	0	 
551,716	0	 
551,732	0	 
551,748	0	 
551,764	0	 
551,78	0	 
551,796	0	 
551,812	0	 
551,828	0	 
551,844	0	 
551,86	0	 
551,876	0	 
551,892	0	 
551,908	0	 
551,924	0	 
551,94	0	 
551,956	0	 
551,972	0	 
551,988	0	 
552,004	0	 
552,02	0	 
552,036	0	 
552,052	0	 
552,068	0	 
552,084	0	 
552,1	0	 
552,116	0	 
552,132	0	 
552,148	0	 
552,164	0	 
552,18	0	 
552,196	0	 
552,212	0	 
552,228	0	 
552,244	0	 
552,26	0	 
552,276	0	 
552,292	0	 
552,308	0	 
552,324	0	 
552,34	0	 
552,356	0	 
552,372	0	 
552,388	0	 
552,404	0	 
552,42	0	 
552,436	0	 
552,452	0	 
552,468	0	 
552,484	0	 
552,5	0	 
552,516	0	 
552,532	0	 
552,548	0	 
552,564	0	 
552,58	0	 
552,596	0	 
552,612	0	 
552,628	0	 
552,644	0	 
552,66	0	 
552,676	0	 
552,692	0	 
552,708	0	 
552,724	0	 
552,74	0	 
552,756	0	 
552,772	0	 
552,788	0	 
552,804	0	 
552,82	0	 
552,836	0	 
552,852	0	 
552,868	0	 
552,884	0	 
552,9	0	 
552,916	0	 
552,932	0	 
552,948	0	 
552,964	0	 
552,98	0	 
552,996	0	 
553,012	0	 
553,028	0	 
553,044	0	 
553,06	0	 
553,076	0	 
553,092	0	 
553,108	0	 
553,124	0	 
553,14	0	 
553,156	0	 
553,172	0	 
553,188	0	 
553,204	0	 
553,22	0	 
553,236	0	 
553,252	0	 
553,268	0	 
553,284	0	 
553,3	0	 
553,316	0	 
553,332	0	 
553,348	0	 
553,364	0	 
553,38	0	 
553,396	0	 
553,412	0	 
553,428	0	 
553,444	0	 
553,46	0	 
553,476	0	 
553,492	0	 
553,508	0	 
553,524	0	 
553,54	0	 
553,556	0	 
553,572	0	 
553,588	0	 
553,604	0	 
553,62	0	 
553,636	0	 
553,652	0	 
553,668	0	 
553,684	0	 
553,7	0	 
553,716	0	 
553,732	0	 
553,748	0	 
553,764	0	 
553,78	0	 
553,796	0	 
553,812	0	 
553,828	0	 
553,844	0	 
553,86	0	 
553,876	0	 
553,892	0	 
553,908	0	 
553,924	0	 
553,94	0	 
553,956	0	 
553,972	0	 
553,988	0	 
554,004	0	 
554,02	0	 
554,036	0	 
554,052	0	 
554,068	0	 
554,084	0	 
554,1	0	 
554,116	0	 
554,132	0	 
554,148	0	 
554,164	0	 
554,18	0	 
554,196	0	 
554,212	0	 
554,228	0	 
554,244	0	 
554,26	0	 
554,276	0	 
554,292	0	 
554,308	0	 
554,324	0	 
554,34	0	 
554,356	0	 
554,372	0	 
554,388	0	 
554,404	0	 
554,42	0	 
554,436	0	 
554,452	0	 
554,468	0	 
554,484	0	 
554,5	0	 
554,516	0	 
554,532	0	 
554,548	0	 
554,564	0	 
554,58	0	 
554,596	0	 
554,612	0	 
554,628	0	 
554,644	0	 
554,66	0	 
554,676	0	 
554,692	0	 
554,708	0	 
554,724	0	 
554,74	0	 
554,756	0	 
554,772	0	 
554,788	0	 
554,804	0	 
554,82	0	 
554,836	0	 
554,852	0	 
554,868	0	 
554,884	0	 
554,9	0	 
554,916	0	 
554,932	0	 
554,948	0	 
554,964	0	 
554,98	0	 
554,996	0	 
555,012	0	 
555,028	0	 
555,044	0	 
555,06	0	 
555,076	0	 
555,092	0	 
555,108	0	 
555,124	0	 
555,14	0	 
555,156	0	 
555,172	0	 
555,188	0	 
555,204	0	 
555,22	0	 
555,236	0	 
555,252	0	 
555,268	0	 
555,284	0	 
555,3	0	 
555,316	0	 
555,332	1	4,88000000002
555,348	0	 
555,364	0	 
555,38	0	 
555,396	0	 
555,412	0	 
555,428	0	 
555,444	0	 
555,46	0	 
555,476	0	 
555,492	0	 
555,508	0	 
555,524	0	 
555,54	0	 
555,556	0	 
555,572	0	 
555,588	0	 
555,604	0	 
555,62	0	 
555,636	0	 
555,652	0	 
555,668	0	 
555,684	0	 
555,7	0	 
555,716	0	 
555,732	0	 
555,748	0	 
555,764	0	 
555,78	0	 
555,796	0	 
555,812	0	 
555,828	0	 
555,844	0	 
555,86	0	 
555,876	0	 
555,892	0	 
555,908	0	 
555,924	0	 
555,94	0	 
555,956	0	 
555,972	0	 
555,988	0	 
556,004	0	 
556,02	0	 
556,036	0	 
556,052	0	 
556,068	0	 
556,084	0	 
556,1	0	 
556,116	0	 
556,132	0	 
556,148	0	 
556,164	0	 
556,18	0	 
556,196	0	 
556,212	0	 
556,228	0	 
556,244	0	 
556,26	0	 
556,276	0	 
556,292	0	 
556,308	0	 
556,324	0	 
556,34	0	 
556,356	0	 
556,372	0	 
556,388	0	 
556,404	0	 
556,42	0	 
556,436	0	 
556,452	0	 
556,468	0	 
556,484	0	 
556,5	0	 
556,516	0	 
556,532	0	 
556,548	0	 
556,564	0	 
556,58	0	 
556,596	0	 
556,612	0	 
556,628	0	 
556,644	0	 
556,66	0	 
556,676	0	 
556,692	0	 
556,708	0	 
556,724	0	 
556,74	0	 
556,756	0	 
556,772	0	 
556,788	0	 
556,804	0	 
556,82	0	 
556,836	0	 
556,852	0	 
556,868	0	 
556,884	0	 
556,9	0	 
556,916	0	 
556,932	0	 
556,948	0	 
556,964	0	 
556,98	1	1,64800000001
556,996	0	 
557,012	0	 
557,028	0	 
557,044	0	 
557,06	0	 
557,076	0	 
557,092	0	 
557,108	0	 
557,124	0	 
557,14	0	 
557,156	0	 
557,172	0	 
557,188	0	 
557,204	0	 
557,22	0	 
557,236	0	 
557,252	0	 
557,268	0	 
557,284	0	 
557,3	0	 
557,316	0	 
557,332	0	 
557,348	0	 
557,364	0	 
557,38	0	 
557,396	0	 
557,412	1	0,432000000002
557,428	0	 
557,444	0	 
557,46	0	 
557,476	0	 
557,492	0	 
557,508	0	 
557,524	0	 
557,54	0	 
557,556	0	 
557,572	0	 
557,588	0	 
557,604	0	 
557,62	0	 
557,636	0	 
557,652	1	0,240000000001
557,668	0	 
557,684	0	 
557,7	0	 
557,716	0	 
557,732	0	 
557,748	0	 
557,764	0	 
557,78	0	 
557,796	0	 
557,812	0	 
557,828	0	 
557,844	0	 
557,86	0	 
557,876	0	 
557,892	0	 
557,908	0	 
557,924	0	 
557,94	0	 
557,956	0	 
557,972	0	 
557,988	0	 
558,004	0	 
558,02	0	 
558,036	0	 
558,052	0	 
558,068	0	 
558,084	0	 
558,1	0	 
558,116	0	 
558,132	0	 
558,148	0	 
558,164	0	 
558,18	0	 
558,196	0	 
558,212	0	 
558,228	0	 
558,244	0	 
558,26	0	 
558,276	0	 
558,292	0	 
558,308	0	 
558,324	0	 
558,34	0	 
558,356	0	 
558,372	0	 
558,388	0	 
558,404	0	 
558,42	0	 
558,436	0	 
558,452	0	 
558,468	0	 
558,484	0	 
558,5	0	 
558,516	0	 
558,532	0	 
558,548	0	 
558,564	0	 
558,58	0	 
558,596	0	 
558,612	0	 
558,628	0	 
558,644	0	 
558,66	0	 
558,676	0	 
558,692	0	 
558,708	0	 
558,724	0	 
558,74	0	 
558,756	0	 
558,772	0	 
558,788	0	 
558,804	0	 
558,82	0	 
558,836	0	 
558,852	0	 
558,868	0	 
558,884	0	 
558,9	0	 
558,916	0	 
558,932	0	 
558,948	0	 
558,964	0	 
558,98	0	 
558,996	0	 
559,012	0	 
559,028	0	 
559,044	0	 
559,06	0	 
559,076	0	 
559,092	0	 
559,108	0	 
559,124	0	 
559,14	0	 
559,156	0	 
559,172	0	 
559,188	0	 
559,204	0	 
559,22	0	 
559,236	0	 
559,252	0	 
559,268	0	 
559,284	0	 
559,3	0	 
559,316	0	 
559,332	0	 
559,348	0	 
559,364	0	 
559,38	0	 
559,396	0	 
559,412	0	 
559,428	0	 
559,444	0	 
559,46	0	 
559,476	0	 
559,492	0	 
559,508	0	 
559,524	0	 
559,54	0	 
559,556	0	 
559,572	0	 
559,588	0	 
559,604	0	 
559,62	0	 
559,636	0	 
559,652	0	 
559,668	0	 
559,684	0	 
559,7	0	 
559,716	0	 
559,732	0	 
559,748	0	 
559,764	0	 
559,78	0	 
559,796	0	 
559,812	0	 
559,828	0	 
559,844	0	 
559,86	0	 
559,876	0	 
559,892	0	 
559,908	0	 
559,924	0	 
559,94	0	 
559,956	0	 
559,972	0	 
559,988	0	 
560,004	0	 
560,02	0	 
560,036	0	 
560,052	0	 
560,068	0	 
560,084	0	 
560,1	0	 
560,116	0	 
560,132	0	 
560,148	0	 
560,164	0	 
560,18	0	 
560,196	0	 
560,212	0	 
560,228	0	 
560,244	0	 
560,26	0	 
560,276	0	 
560,292	0	 
560,308	0	 
560,324	0	 
560,34	0	 
560,356	0	 
560,372	0	 
560,388	0	 
560,404	0	 
560,42	0	 
560,436	0	 
560,452	0	 
560,468	0	 
560,484	0	 
560,5	0	 
560,516	0	 
560,532	0	 
560,548	0	 
560,564	0	 
560,58	0	 
560,596	0	 
560,612	0	 
560,628	0	 
560,644	0	 
560,66	0	 
560,676	0	 
560,692	0	 
560,708	0	 
560,724	0	 
560,74	0	 
560,756	0	 
560,772	0	 
560,788	0	 
560,804	0	 
560,82	0	 
560,836	0	 
560,852	0	 
560,868	0	 
560,884	0	 
560,9	0	 
560,916	0	 
560,932	0	 
560,948	0	 
560,964	0	 
560,98	0	 
560,996	0	 
561,012	0	 
561,028	0	 
561,044	0	 
561,06	0	 
561,076	0	 
561,092	0	 
561,108	0	 
561,124	0	 
561,14	0	 
561,156	0	 
561,172	0	 
561,188	0	 
561,204	0	 
561,22	0	 
561,236	0	 
561,252	0	 
561,268	0	 
561,284	0	 
561,3	0	 
561,316	0	 
561,332	0	 
561,348	0	 
561,364	0	 
561,38	0	 
561,396	0	 
561,412	0	 
561,428	0	 
561,444	0	 
561,46	0	 
561,476	0	 
561,492	0	 
561,508	0	 
561,524	0	 
561,54	0	 
561,556	0	 
561,572	0	 
561,588	0	 
561,604	0	 
561,62	0	 
561,636	0	 
561,652	0	 
561,668	0	 
561,684	0	 
561,7	0	 
561,716	0	 
561,732	0	 
561,748	0	 
561,764	0	 
561,78	0	 
561,796	0	 
561,812	0	 
561,828	0	 
561,844	0	 
561,86	0	 
561,876	0	 
561,892	0	 
561,908	0	 
561,924	0	 
561,94	0	 
561,956	0	 
561,972	0	 
561,988	0	 
562,004	0	 
562,02	0	 
562,036	0	 
562,052	0	 
562,068	0	 
562,084	0	 
562,1	0	 
562,116	0	 
562,132	0	 
562,148	0	 
562,164	0	 
562,18	0	 
562,196	0	 
562,212	0	 
562,228	0	 
562,244	0	 
562,26	0	 
562,276	0	 
562,292	0	 
562,308	0	 
562,324	0	 
562,34	0	 
562,356	0	 
562,372	0	 
562,388	0	 
562,404	0	 
562,42	0	 
562,436	0	 
562,452	0	 
562,468	0	 
562,484	0	 
562,5	0	 
562,516	0	 
562,532	0	 
562,548	0	 
562,564	0	 
562,58	0	 
562,596	0	 
562,612	0	 
562,628	0	 
562,644	0	 
562,66	0	 
562,676	0	 
562,692	0	 
562,708	0	 
562,724	0	 
562,74	0	 
562,756	0	 
562,772	0	 
562,788	0	 
562,804	0	 
562,82	0	 
562,836	0	 
562,852	0	 
562,868	0	 
562,884	0	 
562,9	0	 
562,916	0	 
562,932	0	 
562,948	0	 
562,964	0	 
562,98	0	 
562,996	0	 
563,012	0	 
563,028	0	 
563,044	0	 
563,06	0	 
563,076	0	 
563,092	0	 
563,108	0	 
563,124	0	 
563,14	0	 
563,156	0	 
563,172	0	 
563,188	0	 
563,204	0	 
563,22	0	 
563,236	0	 
563,252	0	 
563,268	0	 
563,284	0	 
563,3	0	 
563,316	0	 
563,332	0	 
563,348	0	 
563,364	0	 
563,38	0	 
563,396	0	 
563,412	0	 
563,428	0	 
563,444	0	 
563,46	0	 
563,476	0	 
563,492	0	 
563,508	0	 
563,524	0	 
563,54	0	 
563,556	0	 
563,572	0	 
563,588	0	 
563,604	0	 
563,62	0	 
563,636	0	 
563,652	0	 
563,668	0	 
563,684	0	 
563,7	0	 
563,708	0	 
563,716	0	 
563,724	0	 
563,732	0	 
563,74	0	 
563,748	0	 
563,756	0	 
563,772	0	 
563,788	0	 
563,804	0	 
563,82	0	 
563,836	0	 
563,852	0	 
563,868	0	 
563,884	0	 
563,9	0	 
563,916	0	 
563,932	0	 
563,948	0	 
563,964	0	 
563,98	0	 
563,996	0	 
564,012	0	 
564,028	0	 
564,044	0	 
564,06	0	 
564,076	0	 
564,092	0	 
564,108	0	 
564,124	0	 
564,14	0	 
564,156	0	 
564,172	0	 
564,188	0	 
564,204	0	 
564,22	0	 
564,236	0	 
564,252	0	 
564,268	0	 
564,284	0	 
564,3	0	 
564,316	0	 
564,332	0	 
564,348	0	 
564,364	0	 
564,38	0	 
564,396	0	 
564,412	0	 
564,428	0	 
564,444	0	 
564,46	0	 
564,476	0	 
564,492	0	 
564,508	1	6,85600000003
564,524	0	 
564,54	0	 
564,556	0	 
564,572	0	 
564,588	0	 
564,604	0	 
564,62	0	 
564,636	0	 
564,652	0	 
564,668	0	 
564,684	0	 
564,7	0	 
564,716	0	 
564,732	0	 
564,748	0	 
564,764	0	 
564,78	0	 
564,796	0	 
564,812	0	 
564,828	0	 
564,844	0	 
564,86	0	 
564,876	0	 
564,892	0	 
564,908	0	 
564,924	0	 
564,94	0	 
564,956	0	 
564,972	0	 
564,988	0	 
565,004	0	 
565,02	0	 
565,036	0	 
565,052	0	 
565,068	0	 
565,084	0	 
565,1	0	 
565,116	0	 
565,132	0	 
565,148	0	 
565,164	0	 
565,18	0	 
565,196	0	 
565,212	0	 
565,228	0	 
565,244	0	 
565,26	0	 
565,276	0	 
565,292	0	 
565,308	0	 
565,324	0	 
565,34	0	 
565,356	0	 
565,372	0	 
565,388	0	 
565,404	0	 
565,42	0	 
565,436	0	 
565,452	0	 
565,468	0	 
565,484	0	 
565,5	0	 
565,516	0	 
565,532	0	 
565,548	0	 
565,564	0	 
565,58	0	 
565,596	0	 
565,612	0	 
565,628	0	 
565,644	0	 
565,66	0	 
565,676	0	 
565,692	0	 
565,708	0	 
565,724	0	 
565,74	0	 
565,756	0	 
565,772	0	 
565,788	0	 
565,804	0	 
565,82	0	 
565,836	0	 
565,852	0	 
565,868	0	 
565,884	0	 
565,9	0	 
565,916	0	 
565,932	0	 
565,948	0	 
565,964	0	 
565,98	0	 
565,996	0	 
566,012	0	 
566,028	0	 
566,044	0	 
566,06	0	 
566,076	0	 
566,092	0	 
566,108	0	 
566,124	0	 
566,14	0	 
566,156	0	 
566,172	0	 
566,188	0	 
566,204	0	 
566,22	0	 
566,236	0	 
566,252	0	 
566,268	0	 
566,284	0	 
566,3	0	 
566,316	0	 
566,332	0	 
566,348	0	 
566,364	0	 
566,38	0	 
566,396	0	 
566,412	0	 
566,428	0	 
566,444	0	 
566,46	0	 
566,476	0	 
566,492	0	 
566,508	0	 
566,524	0	 
566,54	0	 
566,556	0	 
566,572	0	 
566,588	0	 
566,604	0	 
566,62	0	 
566,636	0	 
566,652	0	 
566,668	0	 
566,684	0	 
566,7	0	 
566,716	0	 
566,732	0	 
566,748	0	 
566,764	0	 
566,78	0	 
566,796	0	 
566,812	0	 
566,828	0	 
566,844	0	 
566,86	0	 
566,876	0	 
566,892	0	 
566,908	0	 
566,924	0	 
566,94	0	 
566,956	0	 
566,972	0	 
566,988	0	 
567,004	0	 
567,02	0	 
567,036	0	 
567,052	0	 
567,068	0	 
567,084	0	 
567,1	0	 
567,116	0	 
567,132	0	 
567,148	0	 
567,164	0	 
567,18	0	 
567,196	0	 
567,212	0	 
567,228	0	 
567,244	0	 
567,26	0	 
567,276	0	 
567,292	0	 
567,308	0	 
567,324	0	 
567,34	0	 
567,356	0	 
567,372	0	 
567,388	0	 
567,404	0	 
567,42	0	 
567,436	0	 
567,452	0	 
567,468	0	 
567,484	0	 
567,5	0	 
567,516	0	 
567,532	0	 
567,548	0	 
567,564	0	 
567,58	0	 
567,596	0	 
567,612	0	 
567,628	0	 
567,644	0	 
567,66	0	 
567,676	0	 
567,692	0	 
567,708	0	 
567,724	0	 
567,74	0	 
567,756	0	 
567,772	0	 
567,788	0	 
567,804	0	 
567,82	0	 
567,836	0	 
567,852	0	 
567,868	0	 
567,884	0	 
567,9	0	 
567,916	0	 
567,932	0	 
567,948	0	 
567,964	0	 
567,98	0	 
567,996	0	 
568,012	0	 
568,028	0	 
568,044	0	 
568,06	0	 
568,076	0	 
568,092	0	 
568,108	0	 
568,124	0	 
568,14	0	 
568,156	0	 
568,172	0	 
568,188	0	 
568,204	0	 
568,22	0	 
568,236	0	 
568,252	0	 
568,268	0	 
568,284	0	 
568,3	0	 
568,316	0	 
568,332	0	 
568,348	0	 
568,364	0	 
568,38	0	 
568,396	0	 
568,412	0	 
568,428	0	 
568,444	0	 
568,46	0	 
568,476	0	 
568,492	0	 
568,508	0	 
568,524	0	 
568,54	0	 
568,556	0	 
568,572	0	 
568,588	0	 
568,604	0	 
568,62	0	 
568,636	0	 
568,652	0	 
568,668	0	 
568,684	0	 
568,7	0	 
568,716	0	 
568,732	0	 
568,748	0	 
568,764	0	 
568,78	0	 
568,796	0	 
568,812	0	 
568,828	0	 
568,844	0	 
568,86	0	 
568,876	0	 
568,892	0	 
568,908	0	 
568,924	0	 
568,94	0	 
568,956	0	 
568,972	0	 
568,988	0	 
569,004	0	 
569,02	0	 
569,036	0	 
569,052	0	 
569,068	0	 
569,084	0	 
569,1	0	 
569,116	0	 
569,132	0	 
569,148	0	 
569,164	0	 
569,18	0	 
569,196	0	 
569,212	0	 
569,228	0	 
569,244	0	 
569,26	0	 
569,276	0	 
569,292	0	 
569,308	0	 
569,324	0	 
569,34	0	 
569,356	0	 
569,372	0	 
569,388	0	 
569,404	0	 
569,42	0	 
569,436	0	 
569,452	0	 
569,468	0	 
569,484	0	 
569,5	0	 
569,516	0	 
569,532	0	 
569,548	0	 
569,564	0	 
569,58	0	 
569,596	0	 
569,612	0	 
569,628	0	 
569,644	0	 
569,66	0	 
569,676	0	 
569,692	0	 
569,708	0	 
569,724	0	 
569,74	0	 
569,756	0	 
569,772	0	 
569,788	0	 
569,804	0	 
569,82	0	 
569,836	0	 
569,852	0	 
569,868	0	 
569,884	0	 
569,9	0	 
569,916	0	 