0.115
0.321
0.490
0.596
0.676
0.691
0.805
0.812
0.864
0.978
1.042
1.197
1.319
1.561
1.586
1.823
1.859
1.888
2.042
2.117
2.209
2.229
2.310
2.415
2.509
2.816
2.922
2.939
2.970
3.510
3.806
4.038
4.488
4.569
4.624
4.642
4.758
4.878
5.082
5.092
5.116
5.303
5.713
5.765
5.795
5.861
5.890
5.936
6.180
6.275
6.351
6.353
6.442
6.478
6.537
6.591
6.740
6.815
7.088
7.320
7.351
7.362
7.378
7.472
7.595
7.793
7.875
7.963
7.991
7.997
8.136
8.298
8.522
8.548
8.608
8.875
8.884
9.025
9.220
9.313
9.445
9.747
9.754
9.767
9.819
9.876
9.972
10.008
10.088
10.098
10.208
10.245
10.332
10.389
10.430
10.506
10.672
10.727
10.753
10.917
11.301
11.410
11.414
11.725
11.803
11.831
11.879
11.956
12.020
12.075
12.134
12.289
12.355
12.510
12.728
12.800
12.806
13.106
13.180
13.379
13.601
13.774
13.792
13.871
14.065
14.121
14.245
14.247
14.370
14.616
14.683
14.721
14.752
14.760
14.760
14.909
15.020
15.084
15.264
15.346
15.388
15.453
15.506
15.508
15.519
15.572
15.634
15.799
15.872
16.150
16.240
16.273
16.366
16.659
16.715
17.007
17.193
17.244
17.687
17.700
17.737
17.819
17.998
18.040
18.043
18.048
18.090
18.277
18.362
18.378
18.411
18.431
18.471
18.694
18.744
18.778
18.816
18.830
18.853
18.926
18.961
19.100
19.167
19.284
19.560
19.601
19.683
19.902
19.910
19.936
20.068
20.201
20.262
20.406
20.407
20.501
20.552
20.946
20.946
21.008
21.079
21.124
21.269
21.321
21.570
21.596
21.602
21.742
21.822
22.074
22.116
22.125
22.131
22.158
22.170
22.213
22.489
22.513
22.585
23.033
23.094
23.177
23.188
23.203
23.240
23.292
23.301
23.312
23.329
23.359
23.454
23.481
23.596
23.772
23.791
23.902
24.166
24.193
24.430
24.662
24.903
24.913
24.926
24.986
25.130
25.137
25.149
25.222
25.303
25.328
25.368
25.469
25.548
25.594
25.623
25.674
25.737
25.745
25.929
25.944
26.223
26.233
26.440
26.759
26.791
26.982
27.074
27.139
27.174
27.391
27.450
27.507
27.563
27.578
27.582
27.631
27.742
27.887
27.906
27.976
28.095
28.103
28.132
28.248
28.369
28.725
28.864
28.890
28.941
29.105
29.128
29.173
29.238
29.251
29.254
29.750
30.070
30.249
30.274
30.289
30.461
30.473
30.600
30.644
30.684
30.864
30.905
31.134
31.187
31.319
31.458
31.580
31.614
31.755
32.257
32.419
32.452
32.490
32.888
33.005
33.069
33.190
33.201
33.292
33.318
33.621
33.633
33.802
33.833
33.847
34.056
34.250
34.285
34.383
34.553
34.613
34.865
34.967
34.969
34.999
35.067
35.069
35.168
35.251
35.336
35.538
35.562
35.570
35.638
36.044
36.111
36.197
36.846
36.980
37.003
37.007
37.262
37.954
38.261
38.342
38.561
38.916
38.987
39.073
39.366
39.437
39.513
39.534
39.564
39.829
39.988
40.039
40.151
40.389
40.469
40.728
40.799
41.038
41.110
41.168
41.238
41.259
41.478
41.570
41.763
41.922
41.976
42.443
42.443
42.496
42.669
42.944
42.963
43.041
43.052
43.164
43.179
43.256
43.473
43.686
43.916
44.004
44.015
44.134
44.134
44.144
44.149
44.198
44.249
44.273
44.322
44.340
44.410
44.505
44.615
45.231
45.418
45.492
45.518
45.595
45.596
45.623
45.824
45.829
46.027
46.042
46.071
46.092
46.425
46.450
46.830
46.907
46.920
46.963
47.001
47.057
47.526
47.537
47.656
47.707
47.758
47.887
48.003
48.116
48.129
48.252
48.260
48.452
48.520
48.538
48.576
48.585
48.618
48.710
48.851
48.942
49.354
49.362
49.417
49.435
49.750
49.913
49.980
50.049
50.143
50.236
50.374
50.406
50.632
50.645
50.812
51.028
51.146
51.196
51.349
51.469
51.600
51.641
51.718
51.756
52.239
52.283
52.329
52.493
52.612
52.658
52.735
52.750
52.889
52.936
52.978
53.018
53.019
53.165
53.274
53.291
53.565
53.592
53.623
53.743
53.861
54.012
54.114
54.225
54.236
54.396
54.537
54.745
54.851
54.935
55.007
55.151
55.223
55.361
55.372
55.476
55.636
55.657
55.935
55.938
56.022
56.122
56.187
56.207
56.234
56.251
56.380
56.442
56.638
56.905
56.930
57.061
57.063
57.133
57.269
57.307
57.477
57.509
57.511
57.651
57.750
57.770
57.803
57.825
57.877
57.878
57.923
57.943
58.106
58.253
58.254
58.300
58.476
58.641
58.684
58.832
58.995
59.003
59.141
59.212
59.371
59.445
59.466
59.507
59.571
59.607
59.622
59.854
59.900
60.032
60.069
60.107
60.138
60.205
60.302
60.361
60.373
60.388
60.397
60.489
60.515
60.563
60.580
60.645
60.722
60.724
60.750
60.806
60.923
60.992
61.009
61.176
61.188
61.189
61.633
61.714
61.870
61.940
61.977
62.078
62.103
62.274
62.518
62.623
62.671
62.699
62.702
62.883
62.890
62.916
63.122
63.219
63.352
63.622
63.684
63.749
63.786
64.044
64.143
64.161
64.197
64.226
64.257
64.285
64.357
64.398
64.562
65.050
65.087
65.103
65.115
65.121
65.140
65.398
65.460
65.495
65.560
65.570
65.582
65.601
65.808
65.882
65.939
66.205
66.207
66.460
66.631
66.720
66.851
66.986
66.987
67.064
67.120
67.330
67.335
67.386
67.473
67.636
67.715
67.787
68.007
68.164
68.206
68.244
68.292
68.389
68.651
68.684
68.752
68.779
68.839
68.920
68.982
69.105
69.126
69.141
69.233
69.486
69.657
69.772
69.872
69.928
69.986
70.027
70.042
70.043
70.315
70.437
70.538
70.629
70.810
70.872
70.988
71.026
71.034
71.153
71.231
71.265
71.372
71.404
71.563
71.582
71.804
71.922
72.106
72.160
72.186
72.568
72.574
72.587
72.633
73.234
73.291
73.534
73.541
73.751
73.787
73.845
73.936
73.948
74.075
74.131
74.176
74.234
74.450
74.555
74.618
74.637
74.831
74.883
75.038
75.179
75.411
75.445
75.818
75.851
75.947
75.982
76.017
76.022
76.082
76.101
76.154
76.345
76.700
76.765
76.785
76.793
76.799
76.810
76.833
76.908
76.915
76.946
77.009
77.092
77.125
77.144
77.161
77.268
77.276
77.527
77.582
77.649
77.728
77.874
77.959
77.962
78.183
78.383
78.421
78.626
78.664
78.926
78.995
79.068
79.320
79.394
79.554
79.920
80.000
80.168
80.502
80.717
80.766
80.784
80.952
81.002
81.017
81.321
81.580
81.618
81.826
82.000
82.066
82.071
82.129
82.233
82.423
82.432
82.585
82.588
82.623
82.646
82.682
82.853
82.858
82.983
83.170
83.383
83.422
83.551
83.633
83.646
83.839
83.841
83.894
84.014
84.020
84.079
84.200
84.651
84.858
84.898
85.011
85.058
85.342
85.652
85.677
85.879
85.879
86.097
86.255
86.338
86.384
86.423
86.460
86.555
86.669
86.710
86.738
86.869
86.967
86.976
87.072
87.280
87.337
87.441
87.535
87.568
87.926
88.030
88.084
88.146
88.743
88.959
88.975
89.228
89.810
89.964
90.001
90.026
90.050
90.185
90.280
90.452
90.543
90.574
90.821
90.958
90.972
90.975
91.051
91.083
91.096
91.297
91.474
91.493
91.888
91.947
92.015
92.291
92.320
92.608
92.815
92.930
92.992
93.336
93.338
93.810
93.826
94.034
94.266
94.297
94.377
94.441
94.664
94.809
95.059
95.070
95.095
95.154
95.501
95.585
95.667
95.697
95.722
95.725
95.848
96.003
96.027
96.071
96.123
96.135
96.365
96.369
96.592
96.670
96.707
96.734
96.792
96.973
97.020
97.059
97.065
97.217
97.252
97.268
97.350
97.363
97.421
97.906
97.938
97.970
98.023
98.217
98.256
98.275
98.344
98.404
98.451
98.491
98.491
98.650
98.802
99.064
99.105
99.188
99.255
99.626
99.642
99.923